ts_code,name,trade_date,close,turnover_rate,turnover_rate_f,volume_ratio,pe,pe_ttm,pb,ps,ps_ttm,dv_ratio,dv_ttm,total_share,float_share,free_share,total_mv,circ_mv,limit_status
300624.SZ,万兴科技,20231229,94.6,9.5083,11.7585,1.22,315.7617,158.9697,9.6337,11.0385,9.0626,0.0,,13770.4107,12035.3187,9732.1873,1302680.8522,1138541.149,0.0
300624.SZ,万兴科技,20231228,93.08,8.7122,10.7739,1.08,310.6882,156.4155,9.4789,10.8611,8.917,0.0,,13770.4107,12035.3187,9732.1873,1281749.828,1120247.4646,
300624.SZ,万兴科技,20231227,89.19,5.762,7.1256,0.66,297.7039,149.8785,9.0828,10.4072,8.5443,0.0,,13770.4107,12035.3187,9732.1873,1228182.9303,1073430.0749,0.0
300624.SZ,万兴科技,20231226,89.66,6.0268,7.453,0.61,299.2727,150.6684,9.1306,10.4621,8.5893,0.0,,13770.4107,12035.3187,9732.1873,1234655.0234,1079086.6746,
300624.SZ,万兴科技,20231225,92.1,6.8476,8.4681,0.71,307.4171,154.7686,9.3791,10.7468,8.8231,0.0,,13770.4107,12035.3187,9732.1873,1268254.8255,1108452.8523,
300624.SZ,万兴科技,20231222,93.0,11.7677,14.5526,1.3,310.4212,156.281,9.4708,10.8518,8.9093,0.0,,13770.4107,12035.3187,9732.1873,1280648.1951,1119284.6391,
300624.SZ,万兴科技,20231221,99.14,9.9539,12.3095,1.13,330.9156,166.5989,10.0961,11.5683,9.4975,0.0,,13770.4107,12035.3187,9732.1873,1365198.5168,1193181.4959,
300624.SZ,万兴科技,20231220,95.73,9.3466,11.5585,1.06,319.5335,160.8686,9.7488,11.1704,9.1708,0.0,,13770.4107,12035.3187,9732.1873,1318241.4163,1152141.0592,
300624.SZ,万兴科技,20231219,102.2,11.5606,14.2964,1.31,341.1295,171.7411,10.4077,11.9253,9.7907,0.0,,13770.4107,12035.3187,9732.1873,1407335.9735,1230009.5711,0.0
300624.SZ,万兴科技,20231218,98.3,5.9259,7.3282,0.59,328.1118,165.1874,10.0105,11.4703,9.417,0.0,,13770.4107,12035.3187,9732.1873,1353631.3718,1183071.8282,0.0
300624.SZ,万兴科技,20231215,99.91,8.5093,10.5231,0.71,333.4858,167.8929,10.1745,11.6581,9.5713,0.0,,13770.4107,12035.3187,9732.1873,1375801.733,1202448.6913,0.0
300624.SZ,万兴科技,20231214,100.82,8.6381,10.6823,0.59,336.5232,169.4221,10.2671,11.7643,9.6585,0.0,,13770.4107,12035.3187,9732.1873,1388332.8068,1213400.8313,0.0
300624.SZ,万兴科技,20231213,101.9,9.4336,11.6661,0.59,340.1281,171.237,10.3771,11.8903,9.7619,0.0,,13770.4107,12035.3187,9732.1873,1403204.8503,1226398.9755,0.0
300624.SZ,万兴科技,20231212,105.3,11.51,14.2339,0.68,351.4769,176.9505,10.7234,12.2871,10.0876,0.0,,13770.4107,12035.3187,9732.1873,1450024.2467,1267319.0591,0.0
300624.SZ,万兴科技,20231211,107.0,11.9278,14.7506,0.63,357.1512,179.8072,10.8965,12.4854,10.2505,0.0,,13770.4107,12035.3187,9732.1873,1473433.9449,1287779.1009,0.0
300624.SZ,万兴科技,20231208,108.0,18.4937,22.8703,0.96,360.4891,181.4876,10.9983,12.6021,10.3463,0.0,,13770.4107,12035.3187,9732.1873,1487204.3556,1299814.4196,0.0
300624.SZ,万兴科技,20231207,104.7,21.2249,26.2478,1.34,349.4741,175.9422,10.6623,12.217,10.0302,0.0,,13770.4107,12035.3187,9732.1873,1441762.0003,1260097.8679,0.0
300624.SZ,万兴科技,20231206,98.36,17.3001,21.3942,1.31,328.3121,165.2882,10.0166,11.4773,9.4228,0.0,,13770.4107,12035.3187,9732.1873,1354457.5965,1183793.9473,0.0
300624.SZ,万兴科技,20231205,96.15,15.6633,19.3701,1.45,320.9354,161.5744,9.7916,11.2194,9.2111,0.0,,13770.4107,12035.3187,9732.1873,1324024.9888,1157195.893,0.0
300624.SZ,万兴科技,20231204,100.04,22.1611,27.4055,3.06,333.9197,168.1113,10.1877,11.6733,9.5837,0.0,,13770.4107,12035.3187,9732.1873,1377591.8864,1204013.2827,0.0
300624.SZ,万兴科技,20231201,94.45,20.3794,25.2022,5.01,315.2611,158.7177,9.6184,11.021,9.0482,0.0,,13770.4107,12035.3187,9732.1873,1300615.2906,1136735.8512,1.0
300624.SZ,万兴科技,20231130,78.71,3.644,4.5063,0.9,262.7231,132.2675,8.0155,9.1844,7.5403,0.0,,13770.4107,12035.3187,9732.1873,1083869.0262,947299.9349,0.0
300624.SZ,万兴科技,20231129,79.36,4.1769,5.1654,0.97,264.8927,133.3598,8.0817,9.2602,7.6026,0.0,,13770.4107,12035.3187,9732.1873,1092819.7932,955122.892,0.0
300624.SZ,万兴科技,20231128,81.35,3.6773,4.5476,0.75,271.5351,136.7039,8.2844,9.4924,7.7932,0.0,,13770.4107,12035.3187,9732.1873,1120222.9104,979073.1762,0.0
300624.SZ,万兴科技,20231127,81.17,4.3559,5.3867,0.83,270.9342,136.4014,8.2661,9.4714,7.776,0.0,,13770.4107,12035.3187,9732.1873,1117744.2365,976906.8189,0.0
300624.SZ,万兴科技,20231124,82.48,4.4768,5.5362,0.8,275.3068,138.6028,8.3995,9.6243,7.9015,0.0,,13770.4107,12035.3187,9732.1873,1135783.4745,992673.0864,0.0
300624.SZ,万兴科技,20231123,85.65,3.6198,4.4764,0.58,285.8879,143.9298,8.7223,9.9942,8.2052,0.0,,13770.4107,12035.3187,9732.1873,1179435.6765,1030825.0467,0.0
300624.SZ,万兴科技,20231122,85.8,5.4224,6.7056,0.81,286.3885,144.1819,8.7376,10.0117,8.2196,0.0,,13770.4107,12035.3187,9732.1873,1181501.2381,1032630.3445,0.0
300624.SZ,万兴科技,20231121,88.65,6.7118,8.3002,0.98,295.9015,148.9711,9.0278,10.3442,8.4926,0.0,,13770.4107,12035.3187,9732.1873,1220746.9086,1066931.0028,0.0
300624.SZ,万兴科技,20231120,89.91,5.9124,7.3116,0.79,300.1072,151.0885,9.1561,10.4913,8.6133,0.0,,13770.4107,12035.3187,9732.1873,1238097.626,1082095.5043,0.0
300624.SZ,万兴科技,20231117,90.0,6.3819,7.8921,0.83,300.4076,151.2397,9.1653,10.5018,8.6219,0.0,,13770.4107,12035.3187,9732.1873,1239336.963,1083178.683,0.0
300624.SZ,万兴科技,20231116,88.75,7.0222,8.6841,0.85,296.2352,149.1392,9.038,10.3559,8.5022,0.0,,13770.4107,12035.3187,9732.1873,1222123.9496,1068134.5346,0.0
300624.SZ,万兴科技,20231115,91.35,7.2913,9.0168,0.77,304.9137,153.5083,9.3027,10.6593,8.7512,0.0,,13770.4107,12035.3187,9732.1873,1257927.0174,1099426.3632,0.0
300624.SZ,万兴科技,20231114,94.1,7.4666,9.2336,0.7,314.0928,158.1295,9.5828,10.9802,9.0147,0.0,,13770.4107,12035.3187,9732.1873,1295795.6469,1132523.4897,0.0
300624.SZ,万兴科技,20231113,94.3,9.2666,11.4595,0.78,314.7604,158.4656,9.6032,11.0035,9.0338,0.0,,13770.4107,12035.3187,9732.1873,1298549.729,1134930.5534,0.0
300624.SZ,万兴科技,20231110,91.68,7.4393,9.1998,0.57,306.0152,154.0628,9.3364,10.6978,8.7828,0.0,,13770.4107,12035.3187,9732.1873,1262471.253,1103398.0184,0.0
300624.SZ,万兴科技,20231109,94.24,9.8832,12.222,0.78,314.5601,158.3648,9.5971,10.9965,9.0281,0.0,,13770.4107,12035.3187,9732.1873,1297723.5044,1134208.4343,0.0
300624.SZ,万兴科技,20231108,95.08,13.069,16.1618,1.13,317.3639,159.7763,9.6826,11.0945,9.1086,0.0,,13770.4107,12035.3187,9732.1873,1309290.6494,1144318.102,0.0
300624.SZ,万兴科技,20231107,91.26,13.3754,16.5407,1.25,304.6133,153.3571,9.2936,10.6488,8.7426,0.0,,13770.4107,12035.3187,9732.1873,1256687.6805,1098343.1846,0.0
300624.SZ,万兴科技,20231106,90.55,15.7204,19.4406,1.6,302.2434,152.1639,9.2213,10.5659,8.6746,0.0,,13770.4107,12035.3187,9732.1873,1246910.6889,1089798.1083,0.0
300624.SZ,万兴科技,20231103,84.17,13.52,16.7195,1.48,280.9478,141.4427,8.5716,9.8215,8.0634,0.0,,13770.4107,12035.3187,9732.1873,1159055.4686,1013012.775,0.0
300624.SZ,万兴科技,20231102,78.31,7.9077,9.7791,0.88,261.388,131.5953,7.9748,9.1377,7.502,0.0,,13770.4107,12035.3187,9732.1873,1078360.8619,942485.8074,0.0
300624.SZ,万兴科技,20231101,78.18,7.5077,9.2844,0.84,260.954,131.3769,7.9616,9.1225,7.4896,0.0,,13770.4107,12035.3187,9732.1873,1076570.7085,940921.216,0.0
300624.SZ,万兴科技,20231031,80.4,8.8962,11.0015,0.94,268.3641,135.1075,8.1876,9.3816,7.7022,0.0,,13770.4107,12035.3187,9732.1873,1107141.0203,967639.6235,0.0
300624.SZ,万兴科技,20231030,81.38,11.2096,13.8628,1.37,271.6352,136.7543,8.2874,9.4959,7.7961,0.0,,13770.4107,12035.3187,9731.8723,1120636.0228,979434.2358,0.0
300624.SZ,万兴科技,20231027,79.36,10.0399,12.4159,1.44,264.8867,148.8263,8.2311,9.26,8.0476,0.0,,13770.0957,12035.0037,9731.8723,1092794.7948,955097.8936,0.0
300624.SZ,万兴科技,20231026,78.71,7.53,9.312,1.19,262.7171,147.6073,8.1637,9.1842,7.9816,0.0,,13770.0957,12035.0037,9731.8723,1083844.2325,947275.1412,0.0
300624.SZ,万兴科技,20231025,78.5,7.2299,8.9409,1.15,262.0162,147.2135,8.1419,9.1597,7.9603,0.0,,13770.0957,12035.0037,9731.8723,1080952.5125,944747.7905,0.0
300624.SZ,万兴科技,20231024,79.67,11.5197,14.2459,2.33,265.9214,149.4077,8.2633,9.2962,8.079,0.0,,13770.0957,12035.0037,9731.8723,1097063.5244,958828.7448,0.0
300624.SZ,万兴科技,20231023,73.39,4.6062,5.6963,0.9,244.9601,137.6306,7.6119,8.5634,7.4422,0.0,,13770.0957,12035.0037,9731.8723,1010587.3234,883248.9215,0.0
300624.SZ,万兴科技,20231020,77.5,3.8798,4.7979,0.67,258.6784,145.3382,8.0382,9.043,7.8589,0.0,,13770.0957,12035.0037,9731.8723,1067182.4168,932712.7868,0.0
300624.SZ,万兴科技,20231019,80.55,4.4416,5.4928,0.7,268.8586,151.058,8.3546,9.3989,8.1682,0.0,,13770.0957,12035.0037,9731.8723,1109181.2086,969419.548,0.0
300624.SZ,万兴科技,20231018,82.2,6.9246,8.5633,0.98,274.366,154.1522,8.5257,9.5914,8.3355,0.0,,13770.0957,12035.0037,9731.8723,1131901.8665,989277.3041,0.0
300624.SZ,万兴科技,20231017,85.43,4.8289,5.9717,0.62,285.147,160.2096,8.8607,9.9683,8.6631,0.0,,13770.0957,12035.0037,9731.8723,1176379.2757,1028150.3661,0.0
300624.SZ,万兴科技,20231016,86.29,5.5126,6.8173,0.59,288.0175,161.8224,8.9499,10.0686,8.7503,0.0,,13770.0957,12035.0037,9731.8723,1188221.558,1038500.4693,
300624.SZ,万兴科技,20231013,88.95,7.1376,8.8268,0.68,296.896,166.8107,9.2258,10.379,9.02,0.0,,13770.0957,12035.0037,9731.8723,1224850.0125,1070513.5791,0.0
300624.SZ,万兴科技,20231012,92.2,7.3158,9.0472,0.61,307.7438,172.9056,9.5629,10.7582,9.3496,0.0,,13770.0957,12035.0037,9731.8723,1269602.8235,1109627.3411,0.0
300624.SZ,万兴科技,20231011,94.41,10.6417,13.1601,0.75,315.1203,177.05,9.7921,11.0161,9.5737,0.0,,13770.0957,12035.0037,9731.8723,1300034.735,1136224.6993,0.0
300624.SZ,万兴科技,20231010,92.3,8.5237,10.5408,0.57,308.0776,173.0931,9.5733,10.7699,9.3597,0.0,,13770.0957,12035.0037,9731.8723,1270979.8331,1110830.8415,0.0
300624.SZ,万兴科技,20231009,92.3,12.8666,15.9116,0.85,308.0776,173.0931,9.5733,10.7699,9.3597,0.0,,13770.0957,12035.0037,9731.8723,1270979.8331,1110830.8415,0.0
300624.SZ,万兴科技,20230928,99.55,12.9099,15.9651,0.98,332.2765,186.6893,10.3252,11.6158,10.0949,0.0,,13770.0957,12035.0037,9731.8723,1370813.0269,1198084.6183,0.0
300624.SZ,万兴科技,20230927,96.6,15.4187,19.0677,1.4,322.4301,181.157,10.0192,11.2716,9.7958,0.0,,13770.0957,12035.0037,9731.8723,1330191.2446,1162581.3574,0.0
300624.SZ,万兴科技,20230926,96.73,20.8219,25.7496,2.73,322.864,181.4008,10.0327,11.2868,9.809,0.0,,13770.0957,12035.0037,9731.8723,1331981.3571,1164145.9079,0.0
300624.SZ,万兴科技,20230925,84.5,12.2616,15.1634,2.08,282.0429,158.4655,8.7642,9.8598,8.5688,0.0,,13770.0957,12035.0037,9731.8723,1163573.0867,1016957.8127,0.0
300624.SZ,万兴科技,20230922,82.0,14.4827,17.9102,3.97,273.6984,153.7772,8.5049,9.568,8.3153,0.0,,13770.0957,12035.0037,9731.8723,1129147.8474,986870.3034,0.0
300624.SZ,万兴科技,20230921,73.6,2.8318,3.502,0.76,245.661,138.0244,7.6337,8.5879,7.4635,0.0,,13770.0957,12035.0037,9731.8723,1013479.0435,885776.2723,0.0
300624.SZ,万兴科技,20230920,74.0,4.6454,5.7448,1.28,246.9961,138.7745,7.6752,8.6346,7.504,0.0,,13770.0957,12035.0037,9731.8723,1018987.0818,890590.2738,0.0
300624.SZ,万兴科技,20230919,75.31,3.9419,4.8747,1.09,251.3686,141.2312,7.8111,8.7874,7.6369,0.0,,13770.0957,12035.0037,9731.8723,1037025.9072,906356.1286,0.0
300624.SZ,万兴科技,20230918,74.97,3.5798,4.427,0.84,250.2338,140.5936,7.7758,8.7478,7.6024,0.0,,13770.0957,12035.0037,9731.8723,1032344.0746,902264.2274,0.0
300624.SZ,万兴科技,20230915,76.1,3.232,3.9969,0.7,254.0055,142.7127,7.893,8.8796,7.717,0.0,,13770.0957,12035.0037,9731.8723,1047904.2828,915863.7816,0.0
300624.SZ,万兴科技,20230914,77.22,3.2562,4.0268,0.63,257.7438,144.8131,8.0092,9.0103,7.8305,0.0,,13770.0957,12035.0037,9731.8723,1063326.79,929342.9857,0.0
300624.SZ,万兴科技,20230913,78.37,4.0678,5.0305,0.71,261.5823,146.9697,8.1284,9.1445,7.9472,0.0,,13770.0957,12035.0037,9731.8723,1079162.4,943183.24,0.0
300624.SZ,万兴科技,20230912,81.01,3.9191,4.8466,0.65,270.394,151.9206,8.4023,9.4525,8.2149,0.0,,13770.0957,12035.0037,9731.8723,1115515.4527,974955.6497,0.0
300624.SZ,万兴科技,20230911,80.92,6.7073,8.2946,1.2,270.0936,151.7518,8.3929,9.442,8.2057,0.0,,13770.0957,12035.0037,9731.8723,1114276.144,973872.4994,0.0
300624.SZ,万兴科技,20230908,78.0,5.0753,6.2764,0.94,260.3473,146.2759,8.0901,9.1013,7.9096,0.0,,13770.0957,12035.0037,9731.8723,1074067.4646,938730.2886,0.0
300624.SZ,万兴科技,20230907,80.18,6.0282,7.4549,1.01,267.6236,150.3641,8.3162,9.3557,8.1307,0.0,,13770.0957,12035.0037,9731.8723,1104086.2732,964966.5967,0.0
300624.SZ,万兴科技,20230906,83.23,6.9448,8.5883,0.99,277.8039,156.0838,8.6325,9.7116,8.44,0.0,,13770.0957,12035.0037,9731.8723,1146085.0651,1001673.358,0.0
300624.SZ,万兴科技,20230905,86.36,5.4193,6.7018,0.73,288.2512,161.9536,8.9572,10.0768,8.7574,0.0,,13770.0957,12035.0037,9731.8723,1189185.4647,1039342.9195,0.0
300624.SZ,万兴科技,20230904,89.66,4.3737,5.4087,0.55,299.2658,168.1422,9.2994,10.4618,9.092,0.0,,13770.0957,12035.0037,9731.8723,1234626.7805,1079058.4317,0.0
300624.SZ,万兴科技,20230901,89.03,4.3427,5.3704,0.51,297.163,166.9608,9.2341,10.3883,9.0281,0.0,,13770.0957,12035.0037,9731.8723,1225951.6202,1071476.3794,0.0
300624.SZ,万兴科技,20230831,90.28,8.8002,10.8829,1.1,301.3353,169.3049,9.3637,10.5342,9.1549,0.0,,13770.0957,12035.0037,9731.8723,1243164.2398,1086520.134,
300624.SZ,万兴科技,20230830,93.69,11.9941,14.905,1.83,312.7171,175.6998,9.7174,10.9321,9.5007,0.0,,13770.0957,12035.0037,9684.6223,1290120.2661,1127559.4967,0.0
300624.SZ,万兴科技,20230829,89.87,7.5167,9.341,1.19,299.9668,188.4498,13.8956,10.4863,9.7282,0.0,,13770.0957,12035.0037,9684.6223,1237518.5006,1081585.7825,0.0
300624.SZ,万兴科技,20230828,85.92,7.1703,8.9105,1.23,286.7825,180.167,13.2849,10.0254,9.3006,0.0,,13770.0957,12035.0037,9684.6223,1183126.6225,1034047.5179,0.0
300624.SZ,万兴科技,20230825,83.81,7.0147,8.7171,1.15,279.7398,175.7425,12.9586,9.7792,9.0722,0.0,,13770.0957,12035.0037,9684.6223,1154071.7206,1008653.6601,0.0
300624.SZ,万兴科技,20230824,87.03,6.2254,7.7362,1.02,290.4875,182.4946,13.4565,10.155,9.4208,0.0,,13770.0957,12035.0037,9684.6223,1198411.4288,1047406.372,0.0
300624.SZ,万兴科技,20230823,88.66,4.7845,5.9457,0.76,295.9281,185.9125,13.7085,10.3452,9.5972,0.0,,13770.0957,12035.0037,9684.6223,1220856.6848,1067023.428,0.0
300624.SZ,万兴科技,20230822,93.68,6.4113,7.9673,0.95,312.6837,196.439,14.4847,10.9309,10.1406,0.0,,13770.0957,12035.0037,9684.6223,1289982.5652,1127439.1466,0.0
300624.SZ,万兴科技,20230821,89.39,4.6978,5.8379,0.58,298.3646,187.4433,13.8214,10.4303,9.6762,0.0,,13770.0957,12035.0037,9684.6223,1230908.8546,1075808.9807,0.0
300624.SZ,万兴科技,20230818,88.35,8.2878,10.2992,1.07,294.8934,185.2625,13.6606,10.309,9.5637,0.0,,13770.0957,12035.0037,9684.6223,1216587.9551,1063292.5769,0.0
300624.SZ,万兴科技,20230817,95.15,6.4189,7.9768,0.86,317.5903,199.5215,14.712,11.1024,10.2997,0.0,,13770.0957,12035.0037,9684.6223,1310224.6059,1145130.6021,0.0
300624.SZ,万兴科技,20230816,93.26,5.5946,6.9523,0.76,311.2819,195.5583,14.4198,10.8819,10.0952,0.0,,13770.0957,12035.0037,9684.6223,1284199.125,1122384.4451,0.0
300624.SZ,万兴科技,20230815,95.48,8.7996,10.9352,1.25,318.6918,200.2135,14.763,11.1409,10.3355,0.0,,13770.0957,12035.0037,9684.6223,1314768.7374,1149102.1533,0.0
300624.SZ,万兴科技,20230814,99.51,11.728,14.5743,1.84,332.143,208.6641,15.3862,11.6112,10.7717,0.0,,13770.0957,12035.0037,9684.6223,1370262.2231,1197603.2182,
300624.SZ,万兴科技,20230811,93.4,6.0885,7.5661,0.95,311.7492,195.8519,14.4414,10.8982,10.1103,0.0,,13770.0957,12035.0037,9684.6223,1286126.9384,1124069.3456,0.0
300624.SZ,万兴科技,20230810,93.21,4.9358,6.1336,0.79,311.115,195.4535,14.4121,10.8761,10.0897,0.0,,13770.0957,12035.0037,9684.6223,1283510.6202,1121782.6949,0.0
300624.SZ,万兴科技,20230809,92.85,5.486,6.8174,0.89,309.9134,194.6986,14.3564,10.8341,10.0508,0.0,,13770.0957,12035.0037,9684.6223,1278553.3857,1117450.0935,0.0
300624.SZ,万兴科技,20230808,96.48,7.0156,8.7182,1.16,322.0295,202.3104,14.9177,11.2576,10.4437,0.0,,13770.0957,12035.0037,9684.6223,1328538.8331,1161137.157,0.0
300624.SZ,万兴科技,20230807,97.3,8.3903,10.4266,1.43,324.7665,204.0299,15.0444,11.3533,10.5325,0.0,,13770.0957,12035.0037,9684.6223,1339830.3116,1171005.86,0.0
300624.SZ,万兴科技,20230804,94.73,6.0801,7.5557,0.92,316.1884,198.6408,14.6471,11.0534,10.2543,0.0,,13770.0957,12035.0037,9684.6223,1304441.1657,1140075.9005,0.0
300624.SZ,万兴科技,20230803,92.83,4.1366,5.1406,0.57,309.8466,194.6567,14.3533,10.8317,10.0486,0.0,,13770.0957,12035.0037,9684.6223,1278277.9838,1117209.3935,0.0
300624.SZ,万兴科技,20230802,92.97,5.222,6.4893,0.61,310.3139,194.9502,14.3749,10.8481,10.0638,0.0,,13770.0957,12035.0037,9684.6223,1280205.7972,1118894.294,0.0
300624.SZ,万兴科技,20230801,93.74,6.3379,7.8761,0.58,312.884,196.5649,14.494,10.9379,10.1471,0.0,,13770.0957,12035.0037,9684.6223,1290808.7709,1128161.2468,0.0
300624.SZ,万兴科技,20230731,95.0,7.5424,9.3729,0.7,317.0896,199.207,14.6888,11.0849,10.2835,0.0,,13770.0957,12035.0037,9684.6223,1308159.0915,1143325.3515,0.0
300624.SZ,万兴科技,20230728,94.76,9.7572,12.1252,1.0,316.2886,198.7037,14.6517,11.0569,10.2575,0.0,,13770.0957,12035.0037,9684.6223,1304854.2685,1140436.9506,0.0
300624.SZ,万兴科技,20230727,101.0,7.3131,9.1308,0.73,337.1163,211.7885,15.6165,11.785,10.933,0.0,,13770.0957,12035.0037,9639.1723,1390779.6657,1215535.3737,0.0
300624.SZ,万兴科技,20230726,103.2,12.0408,15.2882,1.24,344.4595,216.4017,15.9567,12.0417,11.1711,0.0,,13770.0957,12035.0037,9478.6223,1421073.8762,1242012.3818,0.0
300624.SZ,万兴科技,20230725,109.11,18.092,22.9714,2.36,364.1858,228.7944,16.8705,12.7313,11.8109,0.0,,13770.0957,12035.0037,9478.6223,1502455.1418,1313139.2537,0.0
300624.SZ,万兴科技,20230724,99.39,6.4028,8.1296,0.81,331.7425,208.4124,15.3676,11.5972,10.7587,0.0,,13770.0957,12035.0037,9478.6223,1368609.8116,1196159.0177,0.0
300624.SZ,万兴科技,20230721,98.51,4.8734,6.1878,0.54,328.8053,206.5671,15.2315,11.4945,10.6635,0.0,,13770.0957,12035.0037,9478.6223,1356492.1274,1185568.2145,0.0
300624.SZ,万兴科技,20230720,98.3,8.7555,11.1168,0.98,328.1043,206.1268,15.1991,11.47,10.6407,0.0,,13770.0957,12035.0037,9478.6223,1353600.4073,1183040.8637,0.0
300624.SZ,万兴科技,20230719,103.1,10.621,13.4854,1.15,344.1257,216.192,15.9412,12.0301,11.1603,0.0,,13770.0957,12035.0037,9478.6223,1419696.8667,1240808.8815,0.0
300624.SZ,万兴科技,20230718,99.48,7.6311,9.6892,0.77,332.0429,208.6011,15.3815,11.6077,10.7685,0.0,,13770.0957,12035.0037,9478.6223,1369849.1202,1197242.1681,0.0
300624.SZ,万兴科技,20230717,101.09,7.6003,9.6501,0.81,337.4167,211.9772,15.6305,11.7955,10.9427,0.0,,13770.0957,12035.0037,9478.6223,1392018.9743,1216618.524,0.0
300624.SZ,万兴科技,20230714,106.7,10.4596,13.2805,1.18,356.1417,223.7409,16.4979,12.4501,11.55,0.0,,13770.0957,12035.0037,9478.6223,1469269.2112,1284134.8948,0.0
300624.SZ,万兴科技,20230713,103.17,8.1914,10.4007,0.93,344.3593,216.3388,15.9521,12.0382,11.1679,0.0,,13770.0957,12035.0037,9478.6223,1420660.7734,1241651.3317,0.0
300624.SZ,万兴科技,20230712,102.0,12.1829,15.4687,1.55,340.4541,213.8854,15.7712,11.9017,11.0412,0.0,,13770.0957,12035.0037,9478.6223,1404549.7614,1227570.3774,0.0
300624.SZ,万兴科技,20230711,109.76,10.9714,13.9304,1.51,366.3553,230.1574,16.971,12.8072,11.8812,0.0,,13770.0957,12035.0037,9478.6223,1511405.704,1320962.0061,0.0
300624.SZ,万兴科技,20230710,108.01,4.9447,6.2783,0.55,360.5142,226.4878,16.7004,12.603,11.6918,0.0,,13770.0957,12035.0037,9478.6223,1487308.0366,1299900.7496,0.0
300624.SZ,万兴科技,20230707,108.32,8.2023,10.4144,0.89,361.5489,227.1379,16.7484,12.6392,11.7254,0.0,,13770.0957,12035.0037,9478.6223,1491576.7662,1303631.6008,0.0
300624.SZ,万兴科技,20230706,111.8,7.6051,9.6562,0.79,373.1644,234.4351,17.2864,13.0452,12.1021,0.0,,13770.0957,12035.0037,9478.6223,1539496.6993,1345513.4137,0.0
300624.SZ,万兴科技,20230705,111.62,7.621,9.6764,0.7,372.5636,234.0577,17.2586,13.0242,12.0826,0.0,,13770.0957,12035.0037,9478.6223,1537018.082,1343347.113,0.0
300624.SZ,万兴科技,20230704,113.37,8.0698,10.2463,0.74,378.4047,237.7273,17.5292,13.2284,12.272,0.0,,13770.0957,12035.0037,9478.4723,1561115.7495,1364408.3695,0.0
300624.SZ,万兴科技,20230703,112.8,13.1867,16.7433,1.25,376.4981,236.5295,17.4466,13.1618,12.2102,0.0,,13769.9457,12034.8537,9478.4723,1553249.875,1357531.4974,0.0
300624.SZ,万兴科技,20230630,117.15,9.7658,12.3997,0.81,391.0173,245.651,18.1194,13.6693,12.6811,0.0,,13769.9457,12034.8537,9478.4723,1613149.1388,1409883.111,
300624.SZ,万兴科技,20230629,115.49,9.4861,12.0445,0.69,385.4766,242.1701,17.8627,13.4756,12.5014,0.0,,13769.9457,12034.8537,9478.4723,1590291.0289,1389905.2538,0.0
300624.SZ,万兴科技,20230628,116.86,14.3182,18.1798,1.04,390.0494,245.0429,18.0746,13.6355,12.6497,0.0,,13769.9457,12034.8537,9478.4723,1609155.8545,1406393.0034,0.0
300624.SZ,万兴科技,20230627,128.0,7.8737,9.9972,0.53,427.2319,268.4023,19.7976,14.9353,13.8555,0.0,,13769.9457,12034.8537,9478.4723,1762553.0496,1540461.2736,0.0
300624.SZ,万兴科技,20230626,130.0,11.4158,14.4947,0.77,433.9074,272.596,20.1069,15.1687,14.072,0.0,,13769.9457,12034.8537,9478.4723,1790092.941,1564530.981,0.0
300624.SZ,万兴科技,20230621,143.0,16.9185,21.4815,1.18,477.2981,299.8556,22.1176,16.6856,15.4792,0.0,,13769.9457,12034.8537,9478.4723,1969102.2351,1720984.0791,0.0
300624.SZ,万兴科技,20230620,162.31,17.822,22.6286,1.36,541.7501,340.3466,25.1043,18.9387,17.5695,0.0,,13769.9457,12034.8537,9478.4723,2234999.8866,1953377.104,0.0
300624.SZ,万兴科技,20230619,151.62,14.4997,18.4104,1.21,506.0695,317.9309,23.4508,17.6914,16.4123,0.0,,13769.9457,12034.8537,9478.4723,2087799.167,1824724.518,0.0
300624.SZ,万兴科技,20230616,141.89,13.5693,17.229,1.21,473.5932,297.5281,21.9459,16.556,15.3591,0.0,,13769.9457,12034.8537,9478.4723,1953817.5954,1707625.3915,0.0
300624.SZ,万兴科技,20230615,134.5,11.7477,14.9162,1.06,448.9273,282.0321,20.8029,15.6938,14.5591,0.0,,13769.9457,12034.8537,9478.4723,1852057.6967,1618687.8227,0.0
300624.SZ,万兴科技,20230614,138.38,14.2534,18.0976,1.33,461.8777,290.168,21.403,16.1465,14.9791,0.0,,13769.9457,12034.8537,9478.4723,1905485.086,1665383.055,0.0
300624.SZ,万兴科技,20230613,131.88,11.5186,14.6252,1.14,440.1824,276.5382,20.3977,15.3881,14.2755,0.0,,13769.9457,12034.8537,9478.4723,1815980.4389,1587156.506,0.0
300624.SZ,万兴科技,20230612,128.28,8.7027,11.0498,0.83,428.1665,268.9894,19.8409,14.968,13.8858,0.0,,13769.9457,12034.8537,9478.4723,1766408.6344,1543831.0326,0.0
300624.SZ,万兴科技,20230609,131.0,9.8367,12.4897,0.86,437.2451,274.6929,20.2616,15.2854,14.1803,0.0,,13769.9457,12034.8537,9478.4723,1803862.8867,1576565.8347,0.0
300624.SZ,万兴科技,20230608,132.4,11.1425,14.1476,0.91,441.918,277.6286,20.4781,15.4487,14.3318,0.0,,13769.9457,12034.8537,9478.4723,1823140.8107,1593414.6299,0.0
300624.SZ,万兴科技,20230607,140.11,12.2645,15.5722,1.0,467.652,293.7956,21.6706,16.3483,15.1664,0.0,,13769.9457,12034.8537,9478.4723,1929307.092,1686203.3519,0.0
300624.SZ,万兴科技,20230606,137.98,8.76,11.1226,0.63,460.5426,289.3292,21.3412,16.0998,14.9358,0.0,,13769.9457,12034.8537,9478.4723,1899977.1077,1660569.1135,0.0
300624.SZ,万兴科技,20230605,141.0,10.2225,12.9796,0.7,470.6226,295.6619,21.8083,16.4522,15.2627,0.0,,13769.9457,12034.8537,9478.4723,1941562.3437,1696914.3717,0.0
300624.SZ,万兴科技,20230602,139.97,14.8345,18.8355,0.93,467.1847,293.5021,21.649,16.332,15.1512,0.0,,13769.9457,12034.8537,9478.4723,1927379.2996,1684518.4724,0.0
300624.SZ,万兴科技,20230601,149.81,14.8184,18.8156,0.92,500.0282,314.1355,23.1709,17.4802,16.2164,0.0,,13769.9457,12034.8537,9478.1823,2062875.5653,1802941.4328,0.0
300624.SZ,万兴科技,20230531,144.08,12.8835,16.3583,0.81,480.8928,302.1139,22.2842,16.8112,15.5958,0.0,,13769.6557,12034.5637,9478.1823,1983931.9933,1733939.9379,0.0
300624.SZ,万兴科技,20230530,142.03,16.4776,20.9218,1.12,474.0505,297.8154,21.9671,16.572,15.3739,0.0,,13769.6557,12034.5637,9478.1823,1955704.1991,1709269.0823,0.0
300624.SZ,万兴科技,20230529,130.5,14.5301,18.4491,1.05,435.5671,273.6387,20.1838,15.2267,14.1258,0.0,,13769.6557,12034.5637,9478.1823,1796940.0689,1570510.5629,0.0
300624.SZ,万兴科技,20230526,136.6,21.0398,26.7145,1.68,455.9269,286.4295,21.1273,15.9385,14.7861,0.0,,13769.6557,12034.5637,9478.1823,1880934.9686,1643921.4014,0.0
300624.SZ,万兴科技,20230525,116.88,15.756,20.1956,1.19,378.6162,237.8601,17.5448,13.2358,12.2789,0.0,,13364.0325,11628.9405,9072.5591,1561988.1186,1359190.5656,0.0
300624.SZ,万兴科技,20230524,122.99,13.167,16.877,0.99,398.4087,250.2945,18.4619,13.9277,12.9208,0.0,,13364.0325,11628.9405,9072.5591,1643642.3572,1430243.3921,0.0
300624.SZ,万兴科技,20230523,124.3,10.2243,13.1053,0.72,402.6522,252.9604,18.6586,14.0761,13.0584,0.0,,13364.0325,11628.9405,9072.5591,1661149.2398,1445477.3042,0.0
300624.SZ,万兴科技,20230522,123.01,10.5998,13.5865,0.7,398.4735,250.3352,18.4649,13.93,12.9229,0.0,,13364.0325,11628.9405,9072.5591,1643909.6378,1430475.9709,0.0
300624.SZ,万兴科技,20230519,122.3,15.0854,19.336,1.03,396.1735,248.8903,18.3584,13.8496,12.8483,0.0,,13364.0325,11628.9405,9072.5591,1634421.1748,1422219.4232,0.0
300624.SZ,万兴科技,20230518,135.67,16.8666,21.6191,1.14,439.4837,276.0993,20.3653,15.3636,14.2529,0.0,,13364.0325,11628.9405,9072.5591,1813098.2893,1577698.3576,0.0
300624.SZ,万兴科技,20230517,127.9,14.0152,17.9642,0.89,414.3139,260.2867,19.199,14.4837,13.4366,0.0,,13364.0325,11628.9405,9072.5591,1709259.7568,1487341.49,0.0
300624.SZ,万兴科技,20230516,129.42,14.0076,17.9545,0.89,419.2378,263.3801,19.4271,14.6559,13.5963,0.0,,13364.0325,11628.9405,9072.5591,1729573.0862,1505017.4795,0.0
300624.SZ,万兴科技,20230515,140.19,16.1879,20.7492,1.09,454.1256,285.2979,21.0438,15.8755,14.7277,0.0,,13364.0325,11628.9405,9072.5591,1873503.7162,1630261.1687,0.0
300624.SZ,万兴科技,20230512,133.47,11.9007,15.254,0.78,432.3572,271.6221,20.0351,15.1145,14.0217,0.0,,13364.0325,11628.9405,9072.5591,1783697.4178,1552114.6885,0.0
300624.SZ,万兴科技,20230511,141.19,18.0819,23.1769,1.24,457.365,287.3329,21.1939,15.9887,14.8328,0.0,,13364.0325,11628.9405,9072.5591,1886867.7487,1641890.1092,0.0
300624.SZ,万兴科技,20230510,149.99,18.9086,24.2365,1.4,485.8714,305.2416,22.5149,16.9853,15.7573,0.0,,13364.0325,11628.9405,9072.5591,2004471.2347,1744224.7856,0.0
300624.SZ,万兴科技,20230509,143.99,13.8733,17.7823,1.03,466.4352,293.0312,21.6142,16.3058,15.1269,0.0,,13364.0325,11628.9405,9072.5591,1924287.0397,1674451.1426,0.0
300624.SZ,万兴科技,20230508,143.5,11.6032,14.8726,0.83,464.8479,292.034,21.5407,16.2503,15.0755,0.0,,13364.0325,11628.9405,9072.5591,1917738.6638,1668752.9618,0.0
300624.SZ,万兴科技,20230505,144.0,13.8063,17.6965,0.98,466.4676,293.0515,21.6157,16.3069,15.128,0.0,,13364.0325,11628.9405,9072.5591,1924420.68,1674567.432,0.0
300624.SZ,万兴科技,20230504,158.5,14.595,18.9221,1.05,513.4383,322.5602,23.7923,17.949,16.6513,0.0,,13364.0325,11628.9405,8969.6101,2118199.1513,1843187.0693,0.0
300624.SZ,万兴科技,20230428,140.4,13.6673,17.7107,0.89,454.6109,285.6027,21.0663,15.8925,14.7435,0.0,,13358.3035,11623.2115,8969.6101,1875505.8114,1631898.8946,1.0
300624.SZ,万兴科技,20230427,117.0,13.8235,17.9132,0.88,378.8424,238.0023,17.5552,13.2437,12.2862,0.0,,13358.3035,11623.2115,8969.6101,1562921.5095,1359915.7455,0.0
300624.SZ,万兴科技,20230426,128.98,14.3975,18.657,0.92,417.6333,262.3721,19.3528,14.5998,13.5442,0.0,,13358.3035,11623.2115,8969.6101,1722953.9854,1499161.8193,0.0
300624.SZ,万兴科技,20230425,133.99,14.0069,18.4046,0.89,433.8556,272.5635,20.1045,15.1669,14.0703,0.0,,13358.3035,11623.2115,8845.8856,1789879.086,1557394.1089,0.0
300624.SZ,万兴科技,20230424,117.8,13.4387,17.498,0.87,378.4265,237.741,17.536,13.2292,12.2727,0.0,,13253.019,11517.927,8845.8856,1561205.6382,1356811.8006,0.0
300624.SZ,万兴科技,20230421,115.0,21.0062,27.3515,1.49,369.4317,232.0901,17.1192,12.9147,11.981,0.0,,13253.019,11517.927,8845.8856,1524097.185,1324561.605,0.0
300624.SZ,万兴科技,20230420,108.05,16.0792,20.9361,1.12,347.1052,218.0638,16.0846,12.1342,11.2569,0.0,,13253.019,11517.927,8845.8856,1431988.703,1244512.0124,1.0
300624.SZ,万兴科技,20230419,90.04,14.3863,19.6932,0.91,289.2489,181.7165,13.4036,10.1117,9.3806,0.0,,13253.019,11517.927,8414.1294,1193301.8308,1037074.1471,0.0
300624.SZ,万兴科技,20230418,88.0,14.8489,19.4273,0.94,277.0987,174.0832,12.8405,9.6869,8.9866,0.0,,12990.6328,11255.5408,8602.9594,1143175.6864,990487.5904,0.0
300624.SZ,万兴科技,20230417,82.0,11.592,15.5066,0.68,258.2056,162.2139,11.965,9.0264,8.3738,0.0,,12990.6328,11255.5408,8414.1294,1065231.8896,922954.3456,0.0
300624.SZ,万兴科技,20230414,83.9,14.3827,19.2411,0.85,264.1884,165.9725,12.2423,9.2356,8.5679,0.0,,12990.6328,11255.5408,8413.5015,1089914.0919,944339.8731,0.0
300624.SZ,万兴科技,20230413,87.63,18.2251,24.3796,1.13,275.9336,173.3513,12.7865,9.6462,8.9488,0.0,,12990.6328,11255.5408,8414.1294,1138369.1523,986323.0403,0.0
300624.SZ,万兴科技,20230412,89.52,21.4802,28.734,1.51,281.8849,177.0901,13.0623,9.8542,9.1418,0.0,,12990.6328,11255.5408,8414.1294,1162921.4483,1007596.0124,1.0
300624.SZ,万兴科技,20230411,74.6,13.5513,18.1275,0.89,234.9041,234.9041,11.2589,8.2119,8.2119,0.0,,12990.6328,11255.5408,8414.1294,969101.2069,839663.3437,0.0
300624.SZ,万兴科技,20230410,70.7,17.3814,23.251,1.17,222.6236,222.6236,10.6703,7.7826,7.7826,0.0,,12990.6328,11255.5408,8414.1294,918437.739,795766.7346,0.0
300624.SZ,万兴科技,20230407,73.38,14.0468,18.7904,1.01,342.336,314.2113,11.318,9.2625,8.5817,0.0,,12990.6328,11255.5408,8414.1294,953252.6349,825931.5839,0.0
300624.SZ,万兴科技,20230406,68.63,14.3939,19.2546,1.03,320.1761,293.872,10.5854,8.6629,8.0262,0.0,,12990.6328,11255.5408,8414.1294,891547.1291,772467.7651,0.0
300624.SZ,万兴科技,20230404,77.0,11.9359,15.9678,0.83,359.2242,329.7121,11.8764,9.7194,9.005,0.0,,12990.6328,11255.5408,8413.5015,1000278.7256,866676.6416,0.0
300624.SZ,万兴科技,20230403,81.51,18.0158,24.1002,1.26,380.2461,349.0069,12.5715,10.2882,9.532,0.0,,12990.0049,11254.9129,8413.5015,1058815.2994,917387.9505,0.0
300624.SZ,万兴科技,20230331,76.19,15.7918,21.125,1.06,355.4282,326.2279,11.7509,9.6167,8.9099,0.0,,12990.0049,11254.9129,8413.5015,989708.4733,857511.8139,0.0
300624.SZ,万兴科技,20230330,73.0,9.3109,12.4553,0.58,340.5467,312.5691,11.2589,9.214,8.5368,0.0,,12990.0049,11254.9129,8413.5015,948270.3577,821608.6417,0.0
300624.SZ,万兴科技,20230329,73.35,14.6748,19.6308,0.85,342.1795,314.0677,11.3129,9.2582,8.5778,0.0,,12990.0049,11254.9129,8413.5015,952816.8594,825547.8612,0.0
300624.SZ,万兴科技,20230328,71.51,14.4429,19.3206,0.81,333.5959,306.1892,11.0291,9.026,8.3626,0.0,,12990.0049,11254.9129,8413.5015,928915.2504,804838.8215,0.0
300624.SZ,万兴科技,20230327,79.3,17.289,23.1279,0.98,369.9364,339.5442,12.2306,10.0092,9.2736,0.0,,12990.0049,11254.9129,8413.5015,1030107.3886,892514.593,0.0
300624.SZ,万兴科技,20230324,77.02,18.9361,25.3312,1.03,359.3001,329.7818,11.879,9.7214,9.0069,0.0,,12990.0049,11254.9129,8413.5015,1000490.1774,866853.3916,0.0
300624.SZ,万兴科技,20230323,71.79,15.1283,20.2375,0.77,334.9021,307.3881,11.0723,9.0613,8.3953,0.0,,12990.0049,11254.9129,8413.5015,932552.4518,807990.1971,0.0
300624.SZ,万兴科技,20230322,73.4,20.6763,27.6591,1.08,342.4127,314.2818,11.3206,9.2645,8.5836,0.0,,12990.0049,11254.9129,8413.5015,953466.3597,826110.6069,0.0
300624.SZ,万兴科技,20230321,69.06,17.091,22.863,0.87,322.1665,295.6989,10.6513,8.7167,8.0761,0.0,,12990.0049,11254.9129,8413.5015,897089.7384,777264.2849,0.0
300624.SZ,万兴科技,20230320,72.4,16.6147,22.2259,0.8,337.7477,310.0,11.1664,9.1383,8.4667,0.0,,12990.0049,11254.9129,8413.5015,940476.3548,814855.694,0.0
300624.SZ,万兴科技,20230317,70.35,22.7353,30.4134,1.2,328.1844,301.2224,10.8502,8.8796,8.2269,0.0,,12990.0049,11254.9129,8413.5015,913846.8447,791783.1225,0.0
300624.SZ,万兴科技,20230316,69.58,21.7371,29.0782,1.29,324.5924,297.9254,10.7315,8.7824,8.1369,0.0,,12990.0049,11254.9129,8413.5015,903844.5409,783116.8396,0.0
300624.SZ,万兴科技,20230315,63.2,17.3678,23.2332,1.05,294.8295,270.6077,9.7475,7.9771,7.3908,0.0,,12990.0049,11254.9129,8413.5015,820968.3097,711310.4953,0.0
300624.SZ,万兴科技,20230314,63.01,19.957,26.6968,1.3,293.9431,269.7942,9.7182,7.9531,7.3686,0.0,,12990.0049,11254.9129,8413.5015,818500.2087,709172.0618,0.0
300624.SZ,万兴科技,20230313,65.28,21.8378,29.2129,1.59,304.5328,279.5138,10.0683,8.2396,7.634,0.0,,12990.0049,11254.9129,8413.5015,847987.5199,734720.7141,1.0
300624.SZ,万兴科技,20230310,54.4,13.8934,18.5855,0.91,253.7773,232.9282,8.3902,6.8664,6.3617,0.0,,12990.0049,11254.9129,8413.5015,706656.2666,612267.2618,0.0
300624.SZ,万兴科技,20230309,54.2,11.0039,14.7201,0.62,252.8443,232.0718,8.3594,6.8411,6.3383,0.0,,12990.0049,11254.9129,8413.5015,704058.2656,610016.2792,0.0
300624.SZ,万兴科技,20230308,54.45,15.7763,21.1043,0.82,254.0105,233.1423,8.3979,6.8727,6.3675,0.0,,12990.0049,11254.9129,8413.5015,707305.7668,612830.0074,0.0
300624.SZ,万兴科技,20230307,56.62,14.4304,19.3038,0.75,264.1336,242.4337,8.7326,7.1466,6.6213,0.0,,12990.0049,11254.9129,8413.5015,735494.0774,637253.1684,0.0
300624.SZ,万兴科技,20230306,56.68,13.4721,18.0219,0.71,264.4135,242.6906,8.7419,7.1541,6.6283,0.0,,12990.0049,11254.9129,8413.5015,736273.4777,637928.4632,0.0
300624.SZ,万兴科技,20230303,58.58,21.7752,29.1291,1.27,273.2771,250.826,9.0349,7.394,6.8505,0.0,,12990.0049,11254.9129,8413.5015,760954.487,659312.7977,0.0
300624.SZ,万兴科技,20230302,55.31,23.4489,31.3681,1.46,258.0225,236.8246,8.5306,6.9812,6.4681,0.0,,12990.0049,11254.9129,8413.5015,718477.171,622509.2325,0.0
300624.SZ,万兴科技,20230301,49.91,22.9079,30.6444,1.46,232.8313,213.703,7.6977,6.2996,5.8366,0.0,,12990.0049,11254.9129,8413.5015,648331.1446,561732.7028,0.0
300624.SZ,万兴科技,20230228,45.82,15.2379,20.3841,0.87,213.7514,196.1906,7.0669,5.7834,5.3583,0.0,,12990.0049,11254.9129,8413.5015,595202.0245,515700.1091,0.0
300624.SZ,万兴科技,20230227,46.19,11.0167,14.7372,0.54,215.4774,197.7749,7.124,5.8301,5.4016,0.0,,12990.0049,11254.9129,8413.5015,600008.3263,519864.4269,0.0
300624.SZ,万兴科技,20230224,48.17,12.9804,17.3641,0.58,224.7142,206.2528,7.4294,6.08,5.6331,0.0,,12990.0049,11254.9129,8413.5015,625728.536,542149.1544,0.0
300624.SZ,万兴科技,20230223,48.0,18.2463,24.4085,0.75,223.9211,205.5249,7.4031,6.0585,5.6133,0.0,,12990.0049,11254.9129,8413.5015,623520.2352,540235.8192,0.0
300624.SZ,万兴科技,20230222,51.68,21.1684,28.3175,0.85,241.0884,221.2818,7.9707,6.523,6.0436,0.0,,12990.0049,11254.9129,8413.5015,671323.4532,581653.8987,0.0
300624.SZ,万兴科技,20230221,54.05,24.0524,32.1753,0.98,252.1445,231.4296,8.3362,6.8222,6.3208,0.0,,12990.0049,11254.9129,8413.5015,702109.7648,608328.0422,0.0
300624.SZ,万兴科技,20230220,55.5,26.4866,35.4317,1.28,258.9088,237.6381,8.5599,7.0052,6.4903,0.0,,12990.0049,11254.9129,8413.5015,720945.272,624647.666,0.0
300624.SZ,万兴科技,20230217,48.92,22.2338,29.7426,1.23,228.213,209.4641,7.545,6.1747,5.7208,0.0,,12990.0049,11254.9129,8413.5015,635471.0397,550590.3391,0.0
300624.SZ,万兴科技,20230216,52.0,26.9898,36.1048,1.91,242.5812,222.6519,8.0201,6.5634,6.081,0.0,,12990.0049,11254.9129,8413.5015,675480.2548,585255.4708,0.0
300624.SZ,万兴科技,20230215,49.2,24.1397,32.2921,2.19,229.5192,210.663,7.5882,6.21,5.7536,0.0,,12990.0049,11254.9129,8413.5015,639108.2411,553741.7147,0.0
300624.SZ,万兴科技,20230214,43.54,22.4377,30.0154,2.53,203.1151,186.4282,6.7153,5.4956,5.0917,0.0,,12990.0049,11254.9129,8413.5015,565584.8133,490038.9077,0.0
300624.SZ,万兴科技,20230213,41.68,7.9081,10.5789,0.82,194.4382,178.4641,6.4284,5.2608,4.8742,0.0,,12990.0049,11254.9129,8413.5015,541423.4042,469104.7697,0.0
300624.SZ,万兴科技,20230210,40.62,8.9113,11.9208,0.92,189.4933,173.9254,6.2649,5.127,4.7502,0.0,,12990.0049,11254.9129,8413.5015,527653.999,457174.562,0.0
300624.SZ,万兴科技,20230209,40.17,7.22,9.6583,0.65,187.394,171.9986,6.1955,5.0702,4.6976,0.0,,12990.0049,11254.9129,8413.5015,521808.4968,452109.8512,0.0
300624.SZ,万兴科技,20230208,41.09,8.732,11.681,0.79,191.6858,175.9379,6.3374,5.1864,4.8052,0.0,,12990.0049,11254.9129,8413.5015,533759.3013,462464.3711,0.0
300624.SZ,万兴科技,20230207,42.16,11.5276,15.4207,1.09,196.6774,180.5193,6.5024,5.3214,4.9303,0.0,,12990.0049,11254.9129,8413.5015,547658.6066,474507.1279,0.0
300624.SZ,万兴科技,20230206,42.19,11.7224,15.6814,1.06,196.8174,180.6478,6.5071,5.3252,4.9338,0.0,,12990.0049,11254.9129,8413.5015,548048.3067,474844.7753,0.0
300624.SZ,万兴科技,20230203,39.96,9.1675,12.2635,0.95,186.4144,171.0995,6.1631,5.0437,4.673,0.0,,12990.0049,11254.9129,8413.5015,519080.5958,449746.3195,0.0
300624.SZ,万兴科技,20230202,38.4,14.408,19.2739,1.99,179.1369,164.4199,5.9225,4.8468,4.4906,0.0,,12990.0049,11254.9129,8413.5015,498816.1882,432188.6554,0.0
300624.SZ,万兴科技,20230201,37.5,8.2723,11.0661,1.4,174.9384,160.5663,5.7837,4.7332,4.3854,0.0,,12990.0049,11254.9129,8413.5015,487125.1838,422059.2338,0.0
300624.SZ,万兴科技,20230131,36.07,9.2572,12.3835,2.1,168.2674,154.4434,5.5632,4.5527,4.2181,0.0,,12990.0049,11254.9129,8413.5015,468549.4767,405964.7083,0.0
300624.SZ,万兴科技,20230130,37.24,14.3734,19.2275,7.0,173.7255,159.453,5.7436,4.7004,4.355,0.0,,12990.0049,11254.9129,8413.5015,483747.7825,419132.9564,0.0
300624.SZ,万兴科技,20230120,32.4,2.0595,2.755,1.11,151.1468,138.7293,4.9971,4.0895,3.7889,0.0,,12990.0049,11254.9129,8413.5015,420876.1588,364659.178,0.0
300624.SZ,万兴科技,20230119,32.1,2.1512,2.8777,1.26,149.7473,137.4448,4.9509,4.0517,3.7539,0.0,,12990.0049,11254.9129,8413.5015,416979.1573,361282.7041,0.0
300624.SZ,万兴科技,20230118,31.48,1.692,2.2635,1.02,146.8549,134.7901,4.8552,3.9734,3.6814,0.0,,12990.0049,11254.9129,8413.5015,408925.3543,354304.6581,0.0
300624.SZ,万兴科技,20230117,31.11,1.8048,2.4143,1.14,145.1289,133.2058,4.7982,3.9267,3.6381,0.0,,12990.0049,11254.9129,8413.5015,404119.0524,350140.3403,0.0
300624.SZ,万兴科技,20230116,31.58,2.5659,3.4324,1.95,147.3215,135.2182,4.8707,3.986,3.6931,0.0,,12990.0049,11254.9129,8413.5015,410224.3547,355430.1494,0.0
300624.SZ,万兴科技,20230113,30.66,1.0767,1.4403,0.78,143.0296,131.279,4.7288,3.8699,3.5855,0.0,,12990.0049,11254.9129,8413.5015,398273.5502,345075.6295,0.0
300624.SZ,万兴科技,20230112,30.76,1.3923,1.8626,0.98,143.4961,131.7072,4.7442,3.8825,3.5972,0.0,,12990.0049,11254.9129,8413.5015,399572.5507,346201.1208,0.0
300624.SZ,万兴科技,20230111,30.47,1.4849,1.9863,0.94,142.1433,130.4655,4.6995,3.8459,3.5632,0.0,,12990.0049,11254.9129,8413.5015,395805.4493,342937.1961,0.0
300624.SZ,万兴科技,20230110,30.89,1.3991,1.8716,0.78,144.1026,132.2638,4.7642,3.8989,3.6124,0.0,,12990.0049,11254.9129,8413.5015,401261.2514,347664.2595,0.0
300624.SZ,万兴科技,20230109,30.58,1.2194,1.6312,0.67,142.6564,130.9365,4.7164,3.8598,3.5761,0.0,,12990.0049,11254.9129,8413.5015,397234.3498,344175.2365,0.0
300624.SZ,万兴科技,20230106,30.56,1.4498,1.9395,0.8,142.5631,130.8508,4.7133,3.8573,3.5738,0.0,,12990.0049,11254.9129,8413.5015,396974.5497,343950.1382,0.0
300624.SZ,万兴科技,20230105,30.97,1.5744,2.1062,0.92,144.4758,132.6064,4.7766,3.909,3.6217,0.0,,12990.0049,11254.9129,8413.5015,402300.4518,348564.6525,0.0
300624.SZ,万兴科技,20230104,31.09,2.2826,3.0552,1.48,145.0356,133.1202,4.7951,3.9242,3.6358,0.0,,12990.0049,11254.9129,8408.9039,403859.2523,349915.2421,0.0
300624.SZ,万兴科技,20230103,30.65,2.4353,3.2582,1.73,142.9817,131.235,4.7275,3.8686,3.5843,0.0,,12989.8885,11250.3153,8408.9039,398140.0825,344822.1639,0.0
