ts_code,name,trade_date,close,turnover_rate,turnover_rate_f,volume_ratio,pe,pe_ttm,pb,ps,ps_ttm,dv_ratio,dv_ttm,total_share,float_share,free_share,total_mv,circ_mv,limit_status
002702.SZ,海欣食品,20261009,6.16,36.7615,48.1903,4.5,,,3.3878,2.2487,2.0577,,,55576.0,45874.375,34994.83,342348.2216,282586.1808,1
002702.SZ,海欣食品,20261008,5.92,14.3924,18.8669,2.06,,,3.2558,2.1611,1.9775,,,55576.0,45874.375,34994.83,329009.9792,271576.3296,2
002702.SZ,海欣食品,20260930,5.38,4.5612,5.9793,0.58,,,2.9588,1.9639,1.7971,,,55576.0,45874.375,34994.83,298998.9338,246804.1644,1
002702.SZ,海欣食品,20260929,5.32,5.144,6.7432,0.6,,,2.9258,1.942,1.7771,,,55576.0,45874.375,34994.83,295664.3732,244051.7016,4
002702.SZ,海欣食品,20260928,5.44,7.6485,10.0263,0.85,,,2.9918,1.9858,1.8172,,,55576.0,45874.375,34994.83,302333.4944,249556.6272,4
002702.SZ,海欣食品,20260924,5.55,9.1428,11.9852,0.92,,,3.0523,2.026,1.8539,,,55576.0,45874.375,34994.83,308446.8555,254602.809,1
002702.SZ,海欣食品,20260923,5.45,8.4598,11.0899,0.71,,,2.9973,1.9895,1.8205,,,55576.0,45874.375,34994.83,302889.2545,250015.371,4
002702.SZ,海欣食品,20260922,5.68,8.6593,11.3514,0.65,,,3.1238,2.0734,1.8973,,,55576.0,45874.375,34994.83,315671.7368,260566.4784,1
002702.SZ,海欣食品,20260921,5.67,9.0193,11.8234,0.59,,,3.1183,2.0698,1.894,,,55576.0,45874.375,34994.83,315115.9767,260107.7346,1
002702.SZ,海欣食品,20260918,5.54,9.8092,12.8588,0.59,,,3.0468,2.0223,1.8506,,,55576.0,45874.375,34994.83,307891.0954,254144.0652,1
002702.SZ,海欣食品,20260917,5.4,13.8941,18.2137,0.71,,,2.9698,1.9712,1.8038,,,55576.0,45874.375,34994.83,300110.454,247721.652,1
002702.SZ,海欣食品,20260916,5.34,18.3056,23.9966,0.78,,,2.9368,1.9493,1.7838,,,55576.0,45874.375,34994.83,296775.8934,244969.1892,1
002702.SZ,海欣食品,20260915,5.08,15.0735,19.7597,0.62,,,2.7938,1.8544,1.6969,,,55576.0,45874.375,34994.83,282326.1308,233041.8504,4
002702.SZ,海欣食品,20260914,5.3,19.6269,25.7287,0.94,,,2.9148,1.9347,1.7704,,,55576.0,45874.375,34994.83,294552.853,243134.214,4
002702.SZ,海欣食品,20260911,5.42,16.2933,21.3587,0.87,,,2.9808,1.9785,1.8105,,,55576.0,45874.375,34994.83,301221.9742,248639.1396,5
002702.SZ,海欣食品,20260910,6.02,28.4886,37.3455,2.04,,,3.3108,2.1976,2.0109,,,55576.0,45874.375,34994.83,334567.5802,276163.7676,4
002702.SZ,海欣食品,20260909,6.45,37.9559,49.7561,5.11,,,3.5473,2.3545,2.1545,,,55576.0,45874.375,34994.83,358465.2645,295889.751,4
002702.SZ,海欣食品,20260908,6.79,19.3855,25.4123,4.02,,,3.7342,2.4786,2.2681,,,55576.0,45874.375,34994.83,377361.1079,311487.0402,2
002702.SZ,海欣食品,20260907,6.17,2.0674,2.7102,0.37,,,3.3933,2.2523,2.061,,,55576.0,45874.375,34994.83,342903.9817,283044.9246,3
002702.SZ,海欣食品,20260904,5.61,6.2256,8.161,1.1,,,3.0853,2.0479,1.8739,,,55576.0,45874.375,34994.83,311781.4161,257355.2718,2
002702.SZ,海欣食品,20260903,5.1,4.1647,5.4595,0.71,,,2.8048,1.8617,1.7036,,,55576.0,45874.375,34994.83,283437.651,233959.338,4
002702.SZ,海欣食品,20260902,5.18,5.3168,6.9697,0.99,,,2.8488,1.8909,1.7303,,,55576.0,45874.375,34994.83,287883.7318,237629.2884,4
002702.SZ,海欣食品,20260901,5.32,6.3118,8.2741,1.29,,,2.9258,1.942,1.7771,,,55576.0,45874.375,34994.83,295664.3732,244051.7016,1
002702.SZ,海欣食品,20260831,5.14,5.819,7.628,1.31,,,2.8268,1.8763,1.7169,,,55576.0,45874.375,34994.83,285660.6914,235794.3132,4
002702.SZ,海欣食品,20260828,5.27,6.6172,8.6745,1.68,,,2.8983,1.9238,1.7604,,,55576.0,45874.375,34994.83,292885.5727,241757.9826,1
002702.SZ,海欣食品,20260827,5.1,5.0661,6.6411,1.32,,,2.8048,1.8617,1.7036,,,55576.0,45874.375,34994.83,283437.651,233959.338,1
002702.SZ,海欣食品,20260826,4.9,3.0791,4.0363,0.7,,,2.6948,1.7887,1.6368,,,55576.0,45874.375,34994.83,272322.449,224784.462,0
002702.SZ,海欣食品,20260825,4.9,3.8525,5.0502,0.76,,,2.6948,1.7887,1.6368,,,55576.0,45874.375,34994.83,272322.449,224784.462,1
002702.SZ,海欣食品,20260824,4.77,3.595,4.7127,0.63,,,2.5571,1.7413,1.5914,,,55576.0,45874.375,34994.83,265097.5677,218820.7926,4
002702.SZ,海欣食品,20260821,4.86,4.0617,5.3244,0.6,,,2.6053,1.7741,1.6214,,,55576.0,45874.375,34994.83,270099.4086,222949.4868,4
002702.SZ,海欣食品,20260820,4.91,4.5481,5.962,0.54,,,2.6321,1.7924,1.6381,,,55576.0,45874.375,34994.83,272878.2091,225243.2058,1
002702.SZ,海欣食品,20260819,4.9,6.0914,7.9852,0.64,,,2.6268,1.7887,1.6348,,,55576.0,45874.375,34994.83,272322.449,224784.462,4
002702.SZ,海欣食品,20260818,5.17,7.1128,9.3241,0.72,,,2.7715,1.8873,1.7249,,,55576.0,45874.375,34994.83,287327.9717,237170.5446,1
002702.SZ,海欣食品,20260817,5.08,6.508,8.5312,0.62,,,2.7233,1.8544,1.6948,,,55576.0,45874.375,34994.83,282326.1308,233041.8504,1
002702.SZ,海欣食品,20260814,4.97,9.4921,12.4431,0.92,,,2.6643,1.8143,1.6581,,,55576.0,45874.375,34994.83,276212.7697,227995.6686,4
002702.SZ,海欣食品,20260813,5.16,12.5259,16.42,1.27,,,2.7662,1.8836,1.7215,,,55576.0,45874.375,34994.83,286772.2116,236711.8008,0
002702.SZ,海欣食品,20260812,5.16,11.5945,15.1991,1.11,,,2.7662,1.8836,1.7215,,,55576.0,45874.375,34994.83,286772.2116,236711.8008,1
002702.SZ,海欣食品,20260811,4.96,9.0471,11.8598,0.71,,,2.6589,1.8106,1.6548,,,55576.0,45874.375,34994.83,275657.0096,227536.9248,1
002702.SZ,海欣食品,20260810,4.93,9.5753,12.5522,0.66,,,2.6429,1.7997,1.6448,,,55576.0,45874.375,34994.83,273989.7293,226160.6934,1
002702.SZ,海欣食品,20260807,4.76,8.9666,11.7543,0.52,,,2.5517,1.7376,1.5881,,,55576.0,45874.375,34994.83,264541.8076,218362.0488,0
002702.SZ,海欣食品,20260806,4.76,10.275,13.4694,0.61,,,2.5517,1.7376,1.5881,,,55576.0,45874.375,34994.83,264541.8076,218362.0488,4
002702.SZ,海欣食品,20260805,4.82,14.4496,18.9418,0.91,,,2.5839,1.7595,1.6081,,,55576.0,45874.375,34994.83,267876.3682,221114.5116,4
002702.SZ,海欣食品,20260804,4.86,20.2235,26.5107,1.62,,,2.6053,1.7741,1.6214,,,55576.0,45874.375,34994.83,270099.4086,222949.4868,1
002702.SZ,海欣食品,20260803,4.73,18.6447,24.4411,1.97,,,2.5357,1.7267,1.5781,,,55576.0,45874.375,34994.83,262874.5273,216985.8174,4
002702.SZ,海欣食品,20260731,5.02,23.2732,30.5087,4.35,,,2.6911,1.8325,1.6748,,,55576.0,45874.375,34994.83,278991.5702,230289.3876,1
002702.SZ,海欣食品,20260730,4.94,7.8472,10.2869,1.73,,,2.6482,1.8033,1.6481,,,55576.0,45874.375,34994.83,274545.4894,226619.4372,2
002702.SZ,海欣食品,20260729,4.49,9.4581,12.3985,2.82,,,2.407,1.639,1.498,,,55576.0,45874.375,34994.83,249536.2849,205975.9662,1
002702.SZ,海欣食品,20260728,4.27,3.2927,4.3164,0.88,,,2.2891,1.5587,1.4246,,,55576.0,45874.375,34994.83,237309.5627,195883.6026,1
002702.SZ,海欣食品,20260727,4.21,3.3468,4.3873,0.83,,,2.2569,1.5368,1.4046,,,55576.0,45874.375,34994.83,233975.0021,193131.1398,1
002702.SZ,海欣食品,20260724,4.12,2.8283,3.7076,0.65,,,2.2086,1.504,1.3746,,,55576.0,45874.375,34994.83,228973.1612,189002.4456,4
002702.SZ,海欣食品,20260723,4.22,3.7701,4.9422,0.9,,,2.2623,1.5405,1.4079,,,55576.0,45874.375,34994.83,234530.7622,193589.8836,1
002702.SZ,海欣食品,20260722,4.08,3.5445,4.6464,0.85,,,2.1872,1.4894,1.3612,,,55576.0,45874.375,34994.83,226750.1208,187167.4704,4
002702.SZ,海欣食品,20260721,4.12,5.1205,6.7124,1.37,,,2.2086,1.504,1.3746,,,55576.0,45874.375,34994.83,228973.1612,189002.4456,4
002702.SZ,海欣食品,20260720,4.21,4.8832,6.4014,1.4,,,2.2569,1.5368,1.4046,,,55576.0,45874.375,34994.83,233975.0021,193131.1398,4
002702.SZ,海欣食品,20260717,4.35,4.3429,5.6931,1.25,,,2.3319,1.5879,1.4513,,,55576.0,45874.375,34994.83,241755.6435,199553.553,4
002702.SZ,海欣食品,20260716,4.58,3.1546,4.1354,0.88,,,2.4552,1.6719,1.528,,,55576.0,45874.375,34994.83,254538.1258,210104.6604,1
002702.SZ,海欣食品,20260715,4.55,3.3423,4.3814,0.94,,,2.4392,1.6609,1.518,,,55576.0,45874.375,34994.83,252870.8455,208728.429,1
002702.SZ,海欣食品,20260714,4.49,3.0194,3.958,0.86,,,2.407,1.639,1.498,,,55576.0,45874.375,34994.83,249536.2849,205975.9662,1
002702.SZ,海欣食品,20260713,4.4,3.526,,1.05,,,2.3587,1.6062,1.468,,,55576.0,45874.375,,244534.444,201847.272,4
002702.SZ,海欣食品,20260710,4.53,4.334,5.7004,1.38,,,2.4284,1.6536,1.5113,,,55576.0,45874.375,34877.73,251759.3253,207810.9414,1
002702.SZ,海欣食品,20260709,4.39,3.6871,4.8987,1.23,,,2.3534,1.6025,1.4646,,,55576.0,45874.375,34528.5,243978.6839,201388.5282,4
002702.SZ,海欣食品,20260708,4.4,3.1799,4.2248,0.96,,,2.3587,1.6062,1.468,,,55576.0,45874.375,34528.5,244534.444,201847.272,4
002702.SZ,海欣食品,20260707,4.43,2.9124,3.8694,0.85,,,2.3748,1.6171,1.478,,,55576.0,45874.375,34528.5,246201.7243,203223.5034,4
002702.SZ,海欣食品,20260706,4.57,2.6622,3.537,0.74,,,2.4499,1.6682,1.5247,,,55576.0,45874.375,34528.5,253982.3657,209645.9166,4
002702.SZ,海欣食品,20260703,4.61,3.3159,4.4055,0.93,,,2.4713,1.6828,1.538,,,55576.0,45874.375,34528.5,256205.4061,211480.8918,1
002702.SZ,海欣食品,20260702,4.57,2.9584,3.9306,0.82,,,2.4499,1.6682,1.5247,,,55576.0,45874.375,34528.5,253982.3657,209645.9166,4
002702.SZ,海欣食品,20260701,4.59,4.6887,6.2293,1.45,,,2.4606,1.6755,1.5314,,,55576.0,45874.375,34528.5,255093.8859,210563.4042,1
002702.SZ,海欣食品,20260630,4.45,3.5659,4.7377,1.16,,,2.3855,1.6244,1.4846,,,55576.0,45874.375,34528.5,247313.2445,204140.991,4
002702.SZ,海欣食品,20260629,4.53,3.5389,4.7017,1.18,,,2.4284,1.6536,1.5113,,,55576.0,45874.375,34528.5,251759.3253,207810.9414,4
002702.SZ,海欣食品,20260626,4.54,3.1635,4.203,1.11,,,2.4338,1.6573,1.5147,,,55576.0,45874.375,34528.5,252315.0854,208269.6852,4
002702.SZ,海欣食品,20260625,4.64,3.0881,4.1029,1.05,,,2.4874,1.6938,1.548,,,55576.0,45874.375,34528.5,257872.6864,212857.1232,4
002702.SZ,海欣食品,20260624,4.68,2.7874,3.7034,0.89,,,2.5088,1.7084,1.5614,,,55576.0,45874.375,34528.5,260095.7268,214692.0984,4
002702.SZ,海欣食品,20260623,4.88,2.8295,3.7593,0.84,,,2.6161,1.7814,1.6281,,,55576.0,45874.375,34528.5,271210.9288,223866.9744,1
002702.SZ,海欣食品,20260622,4.82,3.1035,4.1232,0.92,,,2.5839,1.7595,1.6081,,,55576.0,45874.375,34528.5,267876.3682,221114.5116,1
002702.SZ,海欣食品,20260618,4.79,2.441,3.243,0.71,,,2.5678,1.7486,1.5981,,,55576.0,45874.375,34528.5,266209.0879,219738.2802,4
002702.SZ,海欣食品,20260617,4.83,3.5116,4.6654,1.09,,,2.5893,1.7632,1.6114,,,55576.0,45874.375,34528.5,268432.1283,221573.2554,4
002702.SZ,海欣食品,20260616,4.98,3.7931,5.0395,1.2335,-56.96,-72.1176,2.6697,1.8179,1.6615,,,55576.0,45874.375,34528.5,276768.5298,228454.4124,1
002702.SZ,海欣食品,20260615,4.97,4.0743,5.4131,1.34,,,2.6643,1.8143,1.6581,,,55576.0,45874.375,34528.5,276212.72,227995.6438,0
002702.SZ,海欣食品,20260612,5.12,3.1339,4.1637,0.93,,,2.7447,1.869,1.7082,,,55576.0,45874.375,34528.5,284549.12,234876.8,0
002702.SZ,海欣食品,20260611,5.0,2.5696,3.414,0.69,,,2.6804,1.8252,1.6681,,,55576.0,45874.375,34528.5,277880.0,229371.875,0
002702.SZ,海欣食品,20260610,5.1,2.5244,3.354,0.64,,,2.734,1.8617,1.7015,,,55576.0,45874.375,34528.5,283437.6,233959.3125,0
002702.SZ,海欣食品,20260609,5.11,3.0728,4.0825,0.7,,,2.7394,1.8654,1.7048,,,55576.0,45874.375,34528.5,283993.36,234418.0563,0
002702.SZ,海欣食品,20260608,5.07,3.9154,5.2019,,,,2.7179,1.8508,1.6915,,,55576.0,45874.375,34528.5,281770.32,232583.0813,0
002702.SZ,海欣食品,20260605,5.23,4.8501,6.4438,0.91,,,2.8037,1.9092,1.7449,,,55576.0,45874.375,34528.5,290662.48,239922.9813,0
002702.SZ,海欣食品,20260604,5.1,4.2515,5.6485,0.87,,,2.734,1.8617,1.7015,,,55576.0,45874.375,34528.5,283437.6,233959.3125,0
002702.SZ,海欣食品,20260603,5.29,3.7392,4.9679,0.78,,,2.8359,1.9311,1.7649,,,55576.0,45874.375,34528.5,293997.04,242675.4438,0
002702.SZ,海欣食品,20260602,5.43,5.2028,6.9124,1.23,,,2.9109,1.9822,1.8116,,,55576.0,45874.375,34528.5,301777.68,249097.8563,0
002702.SZ,海欣食品,20260601,5.69,6.9129,9.1844,,,,3.0503,2.0771,1.8983,,,55576.0,45874.375,34528.5,316227.44,261025.1938,0
002702.SZ,海欣食品,20260529,5.5,6.5977,8.7656,2.56,,,2.9484,2.0077,1.835,,,55576.0,45874.375,34528.5,305668.0,252309.0625,0
002702.SZ,海欣食品,20260528,5.35,2.1169,2.8125,0.78,,,2.868,1.953,1.7849,,,55576.0,45874.375,34528.5,297331.6,245427.9063,0
002702.SZ,海欣食品,20260527,5.34,3.058,4.0628,1.19,,,2.8627,1.9493,1.7816,,,55576.0,45874.375,34528.5,296775.84,244969.1625,0
002702.SZ,海欣食品,20260526,5.37,2.5493,3.387,0.99,,,2.8787,1.9603,1.7916,,,55576.0,45874.375,34528.5,298443.12,246345.3938,0
002702.SZ,海欣食品,20260525,5.52,2.5511,3.3894,0.96,,,2.9592,2.015,1.8416,,,55576.0,45874.375,34528.5,306779.52,253226.55,0
002702.SZ,海欣食品,20260522,5.61,2.6103,3.468,0.96,,,3.0074,2.0479,1.8717,,,55576.0,45874.375,34528.5,311781.36,257355.2438,0
002702.SZ,海欣食品,20260521,5.53,2.8477,3.7834,1.0,,,2.9645,2.0187,1.845,,,55576.0,45874.375,34528.5,307335.28,253685.2938,0
002702.SZ,海欣食品,20260520,5.74,2.3021,3.0585,0.72,,,3.0771,2.0953,1.915,,,55576.0,45874.375,34528.5,319006.24,263318.9125,0
002702.SZ,海欣食品,20260519,5.82,2.5452,3.3816,0.75,,,3.12,2.1246,1.9417,,,55576.0,45874.375,34528.5,323452.32,266988.8625,0
002702.SZ,海欣食品,20260518,5.87,2.9401,3.9062,0.84,,,3.1468,2.1428,1.9584,,,55576.0,45874.375,34528.5,326231.12,269282.5813,0
002702.SZ,海欣食品,20260515,5.84,3.0064,3.9943,0.78,,,3.1307,2.1319,1.9484,,,55576.0,45874.375,34528.5,324563.84,267906.35,0
002702.SZ,海欣食品,20260514,5.98,3.4634,4.6015,0.86,,,3.2057,2.183,1.9951,,,55576.0,45874.375,34528.5,332344.48,274328.7625,0
002702.SZ,海欣食品,20260513,6.1,4.1173,5.4703,0.98,,,3.2701,2.2268,2.0351,,,55576.0,45874.375,34528.5,339013.6,279833.6875,0
002702.SZ,海欣食品,20260512,5.98,3.541,4.7045,0.76,,,3.2057,2.183,1.9951,,,55576.0,45874.375,34528.5,332344.48,274328.7625,0
002702.SZ,海欣食品,20260511,6.11,3.3788,4.4891,0.58,,,3.2754,2.2304,2.0385,,,55576.0,45874.375,34528.5,339569.36,280292.4313,0
002702.SZ,海欣食品,20260508,6.17,4.8497,6.4432,0.68,,,3.3076,2.2523,2.0585,,,55576.0,45874.375,34528.5,342903.92,283044.8938,0
002702.SZ,海欣食品,20260507,6.0,4.1526,5.5171,0.58,,,3.2165,2.1903,2.0018,,,55576.0,45874.375,34528.5,333456.0,275246.25,0
002702.SZ,海欣食品,20260506,6.05,5.0524,6.7125,0.74,,,3.2433,2.2085,2.0185,,,55576.0,45874.375,34528.5,336234.8,277539.9688,0
002702.SZ,海欣食品,20260430,6.01,5.7735,7.6706,0.9,,,3.2218,2.1939,2.0051,,,55576.0,45874.375,34528.5,334011.76,275704.9938,0
002702.SZ,海欣食品,20260429,5.95,9.2157,12.2439,1.82,,,3.1897,2.172,1.9851,,,55576.0,45874.375,34528.5,330677.2,272952.5313,0
002702.SZ,海欣食品,20260428,5.83,11.5461,15.3401,3.42,,,3.1253,2.1282,1.9451,,,55576.0,45874.375,34528.5,324008.08,267447.6063,0
002702.SZ,海欣食品,20260427,5.76,4.2613,5.6615,1.4,,,3.0612,1.8759,2.0858,,,55576.0,45874.375,34528.5,320117.76,264236.4,0
002702.SZ,海欣食品,20260424,5.59,3.1853,4.232,1.09,,,2.9709,1.8205,2.0242,,,55576.0,45874.375,34528.5,310669.84,256437.7563,0
002702.SZ,海欣食品,20260423,5.54,3.8097,5.0616,1.41,,,2.9443,1.8042,2.0061,,,55576.0,45874.375,34528.5,307891.04,254144.0375,0
002702.SZ,海欣食品,20260422,5.57,2.5485,3.386,0.95,,,2.9603,1.814,2.017,,,55576.0,45874.375,34528.5,309558.32,255520.2688,0
002702.SZ,海欣食品,20260421,5.65,3.0706,4.0796,1.21,,,3.0028,1.8401,2.046,,,55576.0,45874.375,34528.5,314004.4,259190.2188,0
002702.SZ,海欣食品,20260420,5.73,2.6407,3.5084,,,,3.0453,1.8661,2.0749,,,55576.0,45874.375,34528.5,318450.48,262860.1688,0
002702.SZ,海欣食品,20260417,5.66,2.5495,3.3872,1.06,,,3.0081,1.8433,2.0496,,,55576.0,45874.375,34528.5,314560.16,259648.9625,0
002702.SZ,海欣食品,20260416,5.66,2.7381,3.6378,1.11,,,3.0081,1.8433,2.0496,,,55576.0,45874.375,34528.5,314560.16,259648.9625,0
002702.SZ,海欣食品,20260415,5.58,2.353,3.1262,0.86,,,2.9656,1.8173,2.0206,,,55576.0,45874.375,34528.5,310114.08,255979.0125,0
002702.SZ,海欣食品,20260414,5.63,2.4455,3.249,0.68,,,2.9921,1.8335,2.0387,,,55576.0,45874.375,34528.5,312892.88,258272.7313,0
002702.SZ,海欣食品,20260413,5.6,2.1281,2.8273,0.51,,,2.9762,1.8238,2.0279,,,55576.0,45874.375,34528.5,311225.6,256896.5,0
002702.SZ,海欣食品,20260410,5.58,2.4036,3.1934,0.51,,,2.9656,1.8173,2.0206,,,55576.0,45874.375,34528.5,310114.08,255979.0125,0
002702.SZ,海欣食品,20260409,5.52,3.0413,4.0407,0.53,,,2.9337,1.7977,1.9989,,,55576.0,45874.375,34528.5,306779.52,253226.55,0
002702.SZ,海欣食品,20260408,5.66,3.6169,4.8054,0.51,,,3.0081,1.8433,2.0496,,,55576.0,45874.375,34528.5,314560.16,259648.9625,0
002702.SZ,海欣食品,20260407,5.56,6.7237,8.933,0.99,,,2.9549,1.8107,2.0134,,,55576.0,45874.375,34528.5,309002.56,255061.525,0
002702.SZ,海欣食品,20260403,5.27,5.1851,6.8889,0.83,,,2.8008,1.7163,1.9084,,,55576.0,45874.375,34528.5,292885.52,241757.9563,0
002702.SZ,海欣食品,20260402,5.58,4.7999,6.3771,0.8,,,2.9656,1.8173,2.0206,,,55576.0,45874.375,34528.5,310114.08,255979.0125,0
002702.SZ,海欣食品,20260401,5.64,8.2659,10.982,1.64,,,2.9975,1.8368,2.0424,,,55576.0,45874.375,34528.5,313448.64,258731.475,0
002702.SZ,海欣食品,20260331,5.89,10.7605,14.2964,2.76,,,3.1303,1.9182,2.1329,,,55576.0,45874.375,34528.5,327342.64,270200.0688,0
002702.SZ,海欣食品,20260330,5.88,4.8146,6.3966,1.21,,,3.125,1.915,2.1293,,,55576.0,45874.375,34528.5,326786.88,269741.325,0
002702.SZ,海欣食品,20260327,5.72,2.7328,3.6307,0.67,,,3.04,1.8629,2.0713,,,55576.0,45874.375,34528.5,317894.72,262401.425,0
002702.SZ,海欣食品,20260326,5.64,3.4725,4.6136,0.87,,,2.9975,1.8368,2.0424,,,55576.0,45874.375,34528.5,313448.64,258731.475,0
002702.SZ,海欣食品,20260325,5.74,3.4958,4.6445,0.91,,,3.0506,1.8694,2.0786,,,55576.0,45874.375,34528.5,319006.24,263318.9125,0
002702.SZ,海欣食品,20260324,5.55,4.9561,6.5846,1.42,,,2.9496,1.8075,2.0098,,,55576.0,45874.375,34528.5,308446.8,254602.7813,0
002702.SZ,海欣食品,20260323,5.3,5.204,6.914,1.69,,,2.8168,1.7261,1.9192,,,55576.0,45874.375,34528.5,294552.8,243134.1875,0
002702.SZ,海欣食品,20260320,5.55,3.2991,4.3832,1.08,,,2.9496,1.8075,2.0098,,,55576.0,45874.375,34528.5,308446.8,254602.7813,0
002702.SZ,海欣食品,20260319,5.7,3.05,4.0522,0.95,,,3.0293,1.8563,2.0641,,,55576.0,45874.375,34528.5,316783.2,261483.9375,0
002702.SZ,海欣食品,20260318,5.84,2.79,3.7067,0.8,,,3.1037,1.9019,2.1148,,,55576.0,45874.375,34528.5,324563.84,267906.35,0
002702.SZ,海欣食品,20260317,5.83,3.1365,4.1672,0.89,,,3.0984,1.8987,2.1112,,,55576.0,45874.375,34528.5,324008.08,267447.6063,0
002702.SZ,海欣食品,20260316,5.94,3.0934,4.1099,0.82,,,3.1569,1.9345,2.151,,,55576.0,45874.375,34528.5,330121.44,272493.7875,0
002702.SZ,海欣食品,20260313,5.85,3.2696,4.344,0.82,,,3.1091,1.9052,2.1184,,,55576.0,45874.375,34528.5,325119.6,268365.0938,0
002702.SZ,海欣食品,20260312,5.92,3.7942,5.0409,0.96,,,3.1463,1.928,2.1437,,,55576.0,45874.375,34528.5,329009.92,271576.3,0
002702.SZ,海欣食品,20260311,6.07,4.1521,5.5165,0.99,,,3.226,1.9768,2.1981,,,55576.0,45874.375,34528.5,337346.32,278457.4563,0
002702.SZ,海欣食品,20260310,6.16,3.3501,4.4509,0.69,,,3.2738,2.0061,2.2307,,,55576.0,45874.375,34528.5,342348.16,282586.15,0
002702.SZ,海欣食品,20260309,6.15,4.4058,5.8535,0.84,,,3.2685,2.0029,2.227,,,55576.0,45874.375,34528.5,341792.4,282127.4063,0
002702.SZ,海欣食品,20260306,6.22,4.1293,5.4862,0.75,,,3.3057,2.0257,2.2524,,,55576.0,45874.375,34528.5,345682.72,285338.6125,0
002702.SZ,海欣食品,20260305,6.11,3.7969,5.0446,0.62,,,3.2472,1.9899,2.2125,,,55576.0,45874.375,34528.5,339569.36,280292.4313,0
002702.SZ,海欣食品,20260304,6.08,5.3048,7.048,0.73,,,3.2313,1.9801,2.2017,,,55576.0,45874.375,34528.5,337902.08,278916.2,0
002702.SZ,海欣食品,20260303,6.11,6.7748,9.0009,0.83,,,3.2472,1.9899,2.2125,,,55576.0,45874.375,34528.5,339569.36,280292.4313,0
002702.SZ,海欣食品,20260302,6.32,6.1483,8.1687,0.65,,,3.3588,2.0583,2.2886,,,55576.0,45874.375,34528.5,351240.32,289926.05,0
002702.SZ,海欣食品,20260227,6.56,5.6729,7.5369,0.47,,,3.4864,2.1364,2.3755,,,55576.0,45874.375,34528.5,364578.56,300935.9,0
002702.SZ,海欣食品,20260226,6.46,6.8934,9.1585,0.52,,,3.4333,2.1038,2.3393,,,55576.0,45874.375,34528.5,359020.96,296348.4625,0
002702.SZ,海欣食品,20260225,6.63,10.7132,14.2335,0.75,,,3.5236,2.1592,2.4008,,,55576.0,45874.375,34528.5,368468.88,304147.1063,0
002702.SZ,海欣食品,20260224,6.41,11.5453,15.339,0.71,,,3.4067,2.0876,2.3212,,,55576.0,45874.375,34528.5,356242.16,294054.7438,0
002702.SZ,海欣食品,20260213,6.18,12.2193,16.2345,0.58,,,3.2844,2.0127,2.2379,,,55576.0,45874.375,34528.5,343459.68,283503.6375,0
002702.SZ,海欣食品,20260212,6.24,19.6062,26.0487,0.94,,,3.3163,2.0322,2.2596,,,55576.0,45874.375,34528.5,346794.24,286256.1,-1
002702.SZ,海欣食品,20260211,6.93,12.1435,16.1338,0.6,,,3.683,2.2569,2.5095,,,55576.0,45874.375,34528.5,385141.68,317909.4188,0
002702.SZ,海欣食品,20260210,7.24,15.9119,21.1405,0.85,,,3.8478,2.3579,2.6217,,,55576.0,45874.375,34528.5,402370.24,332130.475,0
002702.SZ,海欣食品,20260209,7.6,21.6691,28.7895,1.36,,,4.0391,2.4751,2.7521,,,55576.0,45874.375,34528.5,422377.6,348645.25,0
002702.SZ,海欣食品,20260206,7.52,36.8022,48.8952,3.49,,,3.9966,2.4491,2.7231,,,55576.0,45874.375,34528.5,417931.52,344975.3,0
002702.SZ,海欣食品,20260205,7.69,17.2729,22.9486,,,,4.087,2.5044,2.7847,,,55576.0,45874.375,34528.5,427379.44,352773.9438,1
002702.SZ,海欣食品,20260204,6.99,9.6274,12.7909,1.35,,,3.7149,2.2765,2.5312,,,55576.0,45874.375,34528.5,388476.24,320661.8813,0
002702.SZ,海欣食品,20260203,6.9,7.824,10.395,1.18,,,3.6671,2.2471,2.4986,,,55576.0,45874.375,34528.5,383474.4,316533.1875,0
002702.SZ,海欣食品,20260202,6.74,7.9434,10.5536,1.24,,,3.5821,2.195,2.4407,,,55576.0,45874.375,34528.5,374582.24,309193.2875,0
002702.SZ,海欣食品,20260130,6.72,10.1275,13.4554,1.73,,,3.5714,2.1885,2.4334,,,55576.0,45874.375,34528.5,373470.72,308275.8,0
002702.SZ,海欣食品,20260129,6.69,5.0621,6.7255,,,,3.5555,2.1788,2.4226,,,55576.0,45874.375,34528.5,371803.44,306899.5688,0
002702.SZ,海欣食品,20260128,6.66,4.5979,6.1087,0.72,,,3.5395,2.169,2.4117,,,55576.0,45874.375,34528.5,370136.16,305523.3375,0
002702.SZ,海欣食品,20260127,6.78,5.3018,7.044,,,,3.6033,2.2081,2.4552,,,55576.0,45874.375,34528.5,376805.28,311028.2625,0
002702.SZ,海欣食品,20260126,6.78,6.9925,9.2902,,,,3.6033,2.2081,2.4552,,,55576.0,45874.375,34528.5,376805.28,311028.2625,0
002702.SZ,海欣食品,20260123,7.01,7.3164,9.7206,1.01,,,3.7256,2.283,2.5385,,,55576.0,45874.375,34528.5,389587.76,321579.3688,0
002702.SZ,海欣食品,20260122,6.81,5.9129,7.8558,0.73,,,3.6193,2.2178,2.466,,,55576.0,45874.375,34528.5,378472.56,312404.4938,0
002702.SZ,海欣食品,20260121,6.67,6.2775,8.3403,,,,3.5449,2.1722,2.4153,,,55576.0,45874.375,34528.5,370691.92,305982.0813,0
002702.SZ,海欣食品,20260120,6.78,6.3778,8.4735,,,,3.6033,2.2081,2.4552,0.0,,55576.0,45874.375,34528.5,376805.28,311028.2625,0
002702.SZ,海欣食品,20260119,6.9,5.9972,7.9678,0.4,,,3.6671,2.2471,2.4986,0.0,,55576.0,45874.375,34528.5,383474.4,316533.1875,0
002702.SZ,海欣食品,20260116,6.85,11.6336,15.4563,0.71,,,3.6405,2.2309,2.4805,0.0,,55576.0,45874.375,34528.5,380695.6,314239.4688,0
002702.SZ,海欣食品,20260115,7.05,10.4357,13.8648,,,,3.7468,2.296,2.5529,0.0,,55576.0,45874.375,34528.5,391810.8,323414.3438,0
002702.SZ,海欣食品,20260114,7.05,13.0368,17.3206,0.72,,,3.7468,2.296,2.5529,0.0,,55576.0,45874.375,34528.5,391810.8,323414.3438,0
002702.SZ,海欣食品,20260113,7.1,19.8684,26.397,,,,3.7734,2.3123,2.571,0.0,,55576.0,45874.375,34528.5,394589.6,325708.0625,0
002702.SZ,海欣食品,20260112,7.62,19.9216,26.4677,1.35,,,4.0498,2.4816,2.7593,0.0,,55576.0,45874.375,34528.5,423489.12,349562.7375,0
002702.SZ,海欣食品,20260109,7.38,18.2707,24.2744,1.32,,,3.9222,2.4035,2.6724,0.0,,55576.0,45874.375,34528.5,410150.88,338552.8875,0
002702.SZ,海欣食品,20260108,7.35,22.5921,30.0157,,,,3.9063,2.3937,2.6616,0.0,,55576.0,45874.375,34528.5,408483.6,337176.6563,0
002702.SZ,海欣食品,20260107,7.02,10.1868,13.5342,0.64,,,3.7309,2.2862,2.5421,0.0,,55576.0,45874.375,34528.5,390143.52,322038.1125,0
002702.SZ,海欣食品,20260106,7.1,12.6889,16.8584,0.65,,,3.7734,2.3123,2.571,0.0,,55576.0,45874.375,34528.5,394589.6,325708.0625,0
002702.SZ,海欣食品,20260105,7.07,10.3147,13.7041,0.43,,,3.7574,2.3025,2.5602,0.0,,55576.0,45874.375,34528.5,392922.32,324331.8313,0
