ts_code,name,trade_date,close,turnover_rate,turnover_rate_f,volume_ratio,pe,pe_ttm,pb,ps,ps_ttm,dv_ratio,dv_ttm,total_share,float_share,free_share,total_mv,circ_mv,limit_status
688133.SH,泰坦科技,20251231,22.14,0.8995,1.2531,0.95,282.3748,253.6543,1.3041,1.2626,1.397,,,16443.6977,16443.6977,11804.1659,364063.4671,364063.4671,0
688133.SH,泰坦科技,20251230,22.0,1.0936,1.5234,1.21,280.5893,252.0503,1.2959,1.2546,1.3882,,,16443.6977,16443.6977,11804.1659,361761.3494,361761.3494,0
688133.SH,泰坦科技,20251229,22.15,0.8092,1.1272,0.89,282.5024,253.7689,1.3047,1.2631,1.3976,,,16443.6977,16443.6977,11804.1659,364227.9041,364227.9041,0
688133.SH,泰坦科技,20251226,22.18,0.9452,1.3167,1.12,282.885,254.1126,1.3065,1.2648,1.3995,,,16443.6977,16443.6977,11804.1659,364721.215,364721.215,0
688133.SH,泰坦科技,20251225,22.34,0.7893,1.0995,0.93,284.9256,255.9457,1.3159,1.274,1.4096,,,16443.6977,16443.6977,11804.1659,367352.2066,367352.2066,0
688133.SH,泰坦科技,20251224,22.08,1.0781,1.5018,1.32,281.6096,252.9669,1.3006,1.2591,1.3932,,,16443.6977,16443.6977,11804.1659,363076.8452,363076.8452,0
688133.SH,泰坦科技,20251223,21.55,0.8923,1.243,1.1,274.8499,246.8948,1.2694,1.2289,1.3598,,,16443.6977,16443.6977,11804.1659,354361.6854,354361.6854,0
688133.SH,泰坦科技,20251222,21.64,0.8358,1.1642,,275.9978,247.9259,1.2747,1.2341,1.3655,,,16443.6977,16443.6977,11804.1659,355841.6182,355841.6182,0
688133.SH,泰坦科技,20251219,21.57,0.611,0.8511,0.71,275.105,247.1239,1.2705,1.2301,1.3611,,,16443.6977,16443.6977,11804.1659,354690.5594,354690.5594,0
688133.SH,泰坦科技,20251218,21.41,0.8468,1.1796,0.94,273.0644,245.2908,1.2611,1.2209,1.351,,,16443.6977,16443.6977,11804.1659,352059.5678,352059.5678,0
688133.SH,泰坦科技,20251217,21.18,0.9031,1.258,1.01,270.1309,242.6557,1.2476,1.2078,1.3364,,,16443.6977,16443.6977,11804.1659,348277.5173,348277.5173,0
688133.SH,泰坦科技,20251216,21.1,0.8697,1.2116,0.94,269.1106,241.7392,1.2428,1.2033,1.3314,,,16443.6977,16443.6977,11804.1659,346962.0215,346962.0215,0
688133.SH,泰坦科技,20251215,21.46,0.6676,0.93,0.67,273.7021,245.8636,1.2641,1.2238,1.3541,,,16443.6977,16443.6977,11804.1659,352881.7526,352881.7526,0
688133.SH,泰坦科技,20251212,21.68,1.0344,1.4409,1.07,276.508,248.3841,1.277,1.2363,1.368,,,16443.6977,16443.6977,11804.1659,356499.3661,356499.3661,0
688133.SH,泰坦科技,20251211,21.61,1.0083,1.4046,1.05,275.6152,247.5822,1.2729,1.2323,1.3636,,,16443.6977,16443.6977,11804.1659,355348.3073,355348.3073,0
688133.SH,泰坦科技,20251210,22.11,0.8992,1.2526,0.88,281.9922,253.3106,1.3023,1.2609,1.3951,,,16443.6977,16443.6977,11804.1659,363570.1561,363570.1561,0
688133.SH,泰坦科技,20251209,22.1,0.9998,1.3927,0.97,281.8647,253.196,1.3017,1.2603,1.3945,,,16443.6977,16443.6977,11804.1659,363405.7192,363405.7192,0
688133.SH,泰坦科技,20251208,22.57,1.0134,1.4118,,287.8591,258.5807,1.3294,1.2871,1.4241,,,16443.6977,16443.6977,11804.1659,371134.2571,371134.2571,0
688133.SH,泰坦科技,20251205,22.63,0.9162,1.2764,,288.6243,259.2681,1.333,1.2905,1.4279,,,16443.6977,16443.6977,11804.1659,372120.879,372120.879,0
688133.SH,泰坦科技,20251204,22.3,0.9698,1.3509,,284.4155,255.4874,1.3135,1.2717,1.4071,,,16443.6977,16443.6977,11804.1659,366694.4587,366694.4587,0
688133.SH,泰坦科技,20251203,22.62,1.193,1.6618,,288.4968,259.1536,1.3324,1.2899,1.4273,,,16443.6977,16443.6977,11804.1659,371956.442,371956.442,0
688133.SH,泰坦科技,20251202,22.96,1.0728,1.4945,1.04,292.8332,263.0489,1.3524,1.3093,1.4488,,,16443.6977,16443.6977,11804.1659,377547.2992,377547.2992,0
688133.SH,泰坦科技,20251201,23.32,1.4154,1.9718,1.55,297.4246,267.1734,1.3736,1.3299,1.4715,,,16443.6977,16443.6977,11804.1659,383467.0304,383467.0304,0
688133.SH,泰坦科技,20251128,22.91,0.7667,1.0681,0.68,292.1955,262.4761,1.3495,1.3065,1.4456,,,16443.6977,16443.6977,11804.1659,376725.1143,376725.1143,0
688133.SH,泰坦科技,20251127,22.64,0.8294,1.1554,0.65,288.7519,259.3827,1.3336,1.2911,1.4286,,,16443.6977,16443.6977,11804.1659,372285.3159,372285.3159,0
688133.SH,泰坦科技,20251126,22.35,1.1242,1.5661,0.8,285.0532,256.0602,1.3165,1.2745,1.4103,,,16443.6977,16443.6977,11804.1659,367516.6436,367516.6436,0
688133.SH,泰坦科技,20251125,22.75,1.0096,1.4064,0.67,290.1548,260.643,1.34,1.2974,1.4355,,,16443.6977,16443.6977,11804.1659,374094.1227,374094.1227,0
688133.SH,泰坦科技,20251124,22.48,0.8297,1.1557,0.51,286.7112,257.5496,1.3241,1.282,1.4185,,,16443.6977,16443.6977,11804.1659,369654.3243,369654.3243,0
688133.SH,泰坦科技,20251121,22.15,1.8424,2.5665,1.2,282.5024,253.7689,1.3047,1.2631,1.3976,,,16443.6977,16443.6977,11804.1659,364227.9041,364227.9041,0
688133.SH,泰坦科技,20251120,23.07,1.5859,2.2092,0.96,294.2361,264.3091,1.3589,1.3156,1.4557,,,16443.6977,16443.6977,11804.1659,379356.1059,379356.1059,0
688133.SH,泰坦科技,20251119,23.39,1.7939,2.499,1.12,298.3174,267.9753,1.3777,1.3338,1.4759,,,16443.6977,16443.6977,11804.1659,384618.0892,384618.0892,0
688133.SH,泰坦科技,20251118,23.99,1.5136,2.1085,0.89,305.9698,274.8494,1.4131,1.3681,1.5138,,,16443.6977,16443.6977,11804.1659,394484.3078,394484.3078,0
688133.SH,泰坦科技,20251117,24.57,1.3468,1.8761,0.77,313.3672,281.4944,1.4472,1.4011,1.5503,,,16443.6977,16443.6977,11804.1659,404021.6525,404021.6525,0
688133.SH,泰坦科技,20251114,24.82,1.4224,1.9815,0.8,316.5557,284.3586,1.462,1.4154,1.5661,,,16443.6977,16443.6977,11804.1659,408132.5769,408132.5769,0
688133.SH,泰坦科技,20251113,24.91,2.2124,3.082,1.39,317.7036,285.3897,1.4673,1.4205,1.5718,,,16443.6977,16443.6977,11804.1659,409612.5097,409612.5097,0
688133.SH,泰坦科技,20251112,24.25,1.5116,2.1058,0.95,309.2859,277.8282,1.4284,1.3829,1.5302,,,16443.6977,16443.6977,11804.1659,398759.6692,398759.6692,0
688133.SH,泰坦科技,20251111,24.66,2.0113,2.8019,1.29,314.5151,282.5255,1.4525,1.4063,1.556,,,16443.6977,16443.6977,11804.1659,405501.5853,405501.5853,0
688133.SH,泰坦科技,20251110,24.23,1.6374,2.281,0.96,309.0308,277.5991,1.4272,1.3818,1.5289,,,16443.6977,16443.6977,11804.1659,398430.7953,398430.7953,0
688133.SH,泰坦科技,20251107,23.95,1.4975,2.0861,0.79,305.4597,274.3912,1.4107,1.3658,1.5112,,,16443.6977,16443.6977,11804.1659,393826.5599,393826.5599,0
688133.SH,泰坦科技,20251106,24.03,1.2821,1.786,0.66,306.48,275.3077,1.4154,1.3703,1.5163,,,16443.6977,16443.6977,11804.1659,395142.0557,395142.0557,0
688133.SH,泰坦科技,20251105,24.0,1.4943,2.0817,0.74,306.0974,274.964,1.4137,1.3686,1.5144,,,16443.6977,16443.6977,11804.1659,394648.7448,394648.7448,0
688133.SH,泰坦科技,20251104,24.06,1.9119,2.6633,0.97,306.8626,275.6514,1.4172,1.3721,1.5182,,,16443.6977,16443.6977,11804.1659,395635.3667,395635.3667,0
688133.SH,泰坦科技,20251103,24.45,2.3512,3.2753,1.25,311.8367,280.1196,1.4402,1.3943,1.5428,,,16443.6977,16443.6977,11804.1659,402048.4088,402048.4088,0
688133.SH,泰坦科技,20251031,24.9,2.4916,3.471,1.46,317.576,285.2752,1.4667,1.42,1.5712,,,16443.6977,16443.6977,11804.1659,409448.0727,409448.0727,0
688133.SH,泰坦科技,20251030,24.83,1.4689,2.0462,0.8,316.6833,232.5149,1.4643,1.416,1.5087,,,16443.6977,16443.6977,11804.1659,408297.0139,408297.0139,0
688133.SH,泰坦科技,20251029,25.13,1.9114,2.6627,0.9,320.5095,235.3242,1.482,1.4331,1.527,,,16443.6977,16443.6977,11804.1659,413230.1232,413230.1232,0
688133.SH,泰坦科技,20251028,24.7,1.6515,2.3006,0.75,315.0252,231.2976,1.4566,1.4086,1.5008,,,16443.6977,16443.6977,11804.1659,406159.3332,406159.3332,0
688133.SH,泰坦科技,20251027,25.03,1.8682,2.6025,0.89,319.2341,234.3878,1.4761,1.4274,1.5209,,,16443.6977,16443.6977,11804.1659,411585.7534,411585.7534,0
688133.SH,泰坦科技,20251024,25.05,1.655,2.3054,0.74,319.4891,234.5751,1.4773,1.4285,1.5221,,,16443.6977,16443.6977,11804.1659,411914.6274,411914.6274,0
688133.SH,泰坦科技,20251023,24.95,2.1517,2.9974,1.01,318.2137,233.6386,1.4714,1.4228,1.516,,,16443.6977,16443.6977,11804.1659,410270.2576,410270.2576,0
688133.SH,泰坦科技,20251022,25.19,3.2857,4.5771,1.76,321.2747,235.8861,1.4855,1.4365,1.5306,,,16443.6977,16443.6977,11804.1659,414216.7451,414216.7451,0
688133.SH,泰坦科技,20251021,24.21,1.9901,2.7723,0.96,308.7757,226.7091,1.4277,1.3806,1.4711,,,16443.6977,16443.6977,11804.1659,398101.9213,398101.9213,0
688133.SH,泰坦科技,20251020,23.72,1.4134,1.9689,0.6,302.5262,222.1206,1.3988,1.3527,1.4413,,,16443.6977,16443.6977,11804.1659,390044.5094,390044.5094,0
688133.SH,泰坦科技,20251017,23.4,2.317,3.2276,0.84,298.4449,219.124,1.38,1.3344,1.4218,,,16443.6977,16443.6977,11804.1659,384782.5262,384782.5262,0
688133.SH,泰坦科技,20251016,23.98,1.6866,2.3495,0.53,305.8423,224.5553,1.4142,1.3675,1.4571,,,16443.6977,16443.6977,11804.1659,394319.8708,394319.8708,0
688133.SH,泰坦科技,20251015,24.21,1.9462,2.7111,0.59,308.7757,226.7091,1.4277,1.3806,1.4711,,,16443.6977,16443.6977,11804.1659,398101.9213,398101.9213,0
688133.SH,泰坦科技,20251014,24.01,3.0294,4.2201,0.95,306.2249,224.8362,1.4159,1.3692,1.4589,,,16443.6977,16443.6977,11804.1659,394813.1818,394813.1818,0
688133.SH,泰坦科技,20251013,25.04,2.8228,3.9322,0.83,319.3616,234.4814,1.4767,1.4279,1.5215,,,16443.6977,16443.6977,11804.1659,411750.1904,411750.1904,0
688133.SH,泰坦科技,20251010,25.16,4.2745,5.9545,1.22,320.8921,235.6051,1.4837,1.4348,1.5288,,,16443.6977,16443.6977,11804.1659,413723.4341,413723.4341,0
688133.SH,泰坦科技,20251009,25.68,3.8636,5.3822,1.23,327.5242,240.4746,1.5144,1.4644,1.5604,,,16443.6977,16443.6977,11804.1659,422274.1569,422274.1569,0
688133.SH,泰坦科技,20250930,25.06,2.5481,3.5497,0.8,319.6167,234.6687,1.4778,1.4291,1.5227,,,16443.6977,16443.6977,11804.1659,412079.0644,412079.0644,0
688133.SH,泰坦科技,20250929,24.35,2.4984,3.4804,0.85,310.5613,228.0201,1.436,1.3886,1.4796,,,16443.6977,16443.6977,11804.1659,400404.039,400404.039,0
688133.SH,泰坦科技,20250926,24.58,3.7232,5.1865,1.43,313.4947,230.1739,1.4495,1.4017,1.4935,,,16443.6977,16443.6977,11804.1659,404186.0895,404186.0895,0
688133.SH,泰坦科技,20250925,24.92,4.8732,6.7885,2.17,317.8311,233.3577,1.4696,1.4211,1.5142,,,16443.6977,16443.6977,11804.1659,409776.9467,409776.9467,0
688133.SH,泰坦科技,20250924,23.92,2.0716,2.8859,0.98,305.0771,223.9934,1.4106,1.3641,1.4534,,,16443.6977,16443.6977,11804.1659,393333.249,393333.249,0
688133.SH,泰坦科技,20250923,23.58,2.7128,3.7791,1.39,300.7407,220.8096,1.3906,1.3447,1.4328,,,16443.6977,16443.6977,11804.1659,387742.3918,387742.3918,0
688133.SH,泰坦科技,20250922,24.2,1.3697,1.908,0.67,308.6482,226.6154,1.4271,1.38,1.4704,,,16443.6977,16443.6977,11804.1659,397937.4843,397937.4843,0
688133.SH,泰坦科技,20250919,24.01,2.0108,2.8011,0.93,306.2249,224.8362,1.4159,1.3692,1.4589,,,16443.6977,16443.6977,11804.1659,394813.1818,394813.1818,0
688133.SH,泰坦科技,20250918,24.15,3.0828,4.2944,1.33,308.0105,226.1472,1.4242,1.3772,1.4674,,,16443.6977,16443.6977,11804.1659,397115.2995,397115.2995,0
688133.SH,泰坦科技,20250917,24.78,1.4271,1.9881,0.57,316.0455,232.0467,1.4613,1.4131,1.5057,,,16443.6977,16443.6977,11804.1659,407474.829,407474.829,0
688133.SH,泰坦科技,20250916,24.95,1.8686,2.6031,0.7,318.2137,233.6386,1.4714,1.4228,1.516,,,16443.6977,16443.6977,11804.1659,410270.2576,410270.2576,0
688133.SH,泰坦科技,20250915,24.69,1.824,2.541,0.62,314.8977,231.2039,1.456,1.408,1.5002,,,16443.6977,16443.6977,11804.1659,405994.8962,405994.8962,0
688133.SH,泰坦科技,20250912,24.89,2.6285,3.6616,0.86,317.4485,233.0768,1.4678,1.4194,1.5124,,,16443.6977,16443.6977,11804.1659,409283.6358,409283.6358,0
688133.SH,泰坦科技,20250911,25.1,3.8601,5.3773,1.28,320.1268,235.0433,1.4802,1.4314,1.5251,,,16443.6977,16443.6977,11804.1659,412736.8123,412736.8123,0
688133.SH,泰坦科技,20250910,24.65,2.4037,3.3485,0.74,314.3875,230.8294,1.4537,1.4057,1.4978,,,16443.6977,16443.6977,11804.1659,405337.1483,405337.1483,0
688133.SH,泰坦科技,20250909,24.5,2.7039,3.7667,0.73,312.4744,229.4247,1.4448,1.3971,1.4887,,,16443.6977,16443.6977,11804.1659,402870.5937,402870.5937,0
688133.SH,泰坦科技,20250908,25.32,3.0939,4.31,0.78,322.9327,237.1034,1.4932,1.4439,1.5385,,,16443.6977,16443.6977,11804.1659,416354.4258,416354.4258,0
688133.SH,泰坦科技,20250905,24.92,3.2526,4.5309,0.76,317.8311,233.3577,1.4696,1.4211,1.5142,,,16443.6977,16443.6977,11804.1659,409776.9467,409776.9467,0
688133.SH,泰坦科技,20250904,24.38,3.6763,5.1212,0.85,310.9439,228.301,1.4377,1.3903,1.4814,,,16443.6977,16443.6977,11804.1659,400897.3499,400897.3499,0
688133.SH,泰坦科技,20250903,24.61,3.4129,4.7544,0.79,313.8774,230.4548,1.4513,1.4034,1.4954,,,16443.6977,16443.6977,11804.1659,404679.4004,404679.4004,0
688133.SH,泰坦科技,20250902,25.14,5.1821,7.2189,1.32,320.637,235.4178,1.4826,1.4336,1.5276,,,16443.6977,16443.6977,11804.1659,413394.5602,413394.5602,0
688133.SH,泰坦科技,20250901,25.55,4.2201,5.8788,1.01,325.8662,239.2572,1.5067,1.457,1.5525,,,16443.6977,16443.6977,11804.1659,420136.4762,420136.4762,0
688133.SH,泰坦科技,20250829,26.15,4.8416,6.7445,1.32,333.5186,244.8758,1.5421,1.4912,1.5889,,,16443.6977,16443.6977,11804.1659,430002.6949,430002.6949,0
688133.SH,泰坦科技,20250828,27.17,4.0214,5.6019,1.23,346.5277,284.3028,1.606,1.5494,1.5825,,,16443.6977,16443.6977,11804.1659,446775.2665,446775.2665,0
688133.SH,泰坦科技,20250827,27.98,3.3865,4.7175,1.12,356.8585,292.7786,1.6539,1.5956,1.6297,,,16443.6977,16443.6977,11804.1659,460094.6616,460094.6616,0
688133.SH,泰坦科技,20250826,29.41,3.2203,4.4861,1.07,375.0968,307.7419,1.7384,1.6771,1.713,,,16443.6977,16443.6977,11804.1659,483609.1494,483609.1494,0
688133.SH,泰坦科技,20250825,30.16,5.3371,7.4348,2.14,384.6624,315.5898,1.7828,1.7199,1.7566,,,16443.6977,16443.6977,11804.1659,495941.9226,495941.9226,0
688133.SH,泰坦科技,20250822,28.45,2.4123,3.3604,1.01,362.8529,297.6966,1.6817,1.6224,1.657,,,16443.6977,16443.6977,11804.1659,467823.1996,467823.1996,0
688133.SH,泰坦科技,20250821,27.92,2.0373,2.838,0.8,356.0933,292.1507,1.6504,1.5922,1.6262,,,16443.6977,16443.6977,11804.1659,459108.0398,459108.0398,0
688133.SH,泰坦科技,20250820,28.04,2.0699,2.8834,0.77,357.6238,293.4064,1.6574,1.599,1.6332,,,16443.6977,16443.6977,11804.1659,461081.2835,461081.2835,0
688133.SH,泰坦科技,20250819,27.7,3.1394,4.3733,1.25,353.2874,289.8487,1.6374,1.5796,1.6134,,,16443.6977,16443.6977,11804.1659,455490.4263,455490.4263,0
688133.SH,泰坦科技,20250818,28.48,2.8073,3.9107,1.1,363.2356,298.0105,1.6835,1.6241,1.6588,,,16443.6977,16443.6977,11804.1659,468316.5105,468316.5105,0
688133.SH,泰坦科技,20250815,27.83,1.9421,2.7054,0.69,354.9454,291.209,1.645,1.587,1.6209,,,16443.6977,16443.6977,11804.1659,457628.107,457628.107,0
688133.SH,泰坦科技,20250814,27.47,2.7791,3.8714,0.95,350.354,287.442,1.6238,1.5665,1.6,,,16443.6977,16443.6977,11804.1659,451708.3758,451708.3758,0
688133.SH,泰坦科技,20250813,28.06,2.7596,3.8443,0.96,357.8789,293.6157,1.6586,1.6002,1.6343,,,16443.6977,16443.6977,11804.1659,461410.1575,461410.1575,0
688133.SH,泰坦科技,20250812,27.84,2.3159,3.2262,0.77,355.073,291.3136,1.6456,1.5876,1.6215,,,16443.6977,16443.6977,11804.1659,457792.544,457792.544,0
688133.SH,泰坦科技,20250811,28.24,3.0168,4.2026,0.99,360.1746,295.4992,1.6693,1.6104,1.6448,,,16443.6977,16443.6977,11804.1659,464370.023,464370.023,0
688133.SH,泰坦科技,20250808,27.9,3.1516,4.3903,1.03,355.8382,291.9415,1.6492,1.591,1.625,,,16443.6977,16443.6977,11804.1659,458779.1658,458779.1658,0
688133.SH,泰坦科技,20250807,28.7,3.4471,4.802,1.06,366.0415,300.3125,1.6965,1.6367,1.6716,,,16443.6977,16443.6977,11804.1659,471934.124,471934.124,0
688133.SH,泰坦科技,20250806,29.1,2.452,3.4157,0.66,371.1431,304.4981,1.7201,1.6595,1.6949,,,16443.6977,16443.6977,11804.1659,478511.6031,478511.6031,0
688133.SH,泰坦科技,20250805,28.78,2.9011,4.0414,0.68,367.0618,301.1496,1.7012,1.6412,1.6763,,,16443.6977,16443.6977,11804.1659,473249.6198,473249.6198,0
688133.SH,泰坦科技,20250804,28.6,3.3023,4.6002,0.73,364.766,299.2661,1.6906,1.631,1.6658,,,16443.6977,16443.6977,11804.1659,470289.7542,470289.7542,0
688133.SH,泰坦科技,20250801,27.58,3.1452,4.3814,0.7,351.7569,288.593,1.6303,1.5728,1.6064,,,16443.6977,16443.6977,11804.1659,453517.1826,453517.1826,0
688133.SH,泰坦科技,20250731,27.76,4.4175,6.1538,0.99,354.0526,290.4765,1.6409,1.5831,1.6169,,,16443.6977,16443.6977,11804.1659,456477.0482,456477.0482,0
688133.SH,泰坦科技,20250730,28.5,4.9078,6.8367,1.23,363.4906,298.2198,1.6846,1.6253,1.66,,,16443.6977,16443.6977,11804.1659,468645.3845,468645.3845,0
688133.SH,泰坦科技,20250729,29.78,5.4855,7.6415,1.48,379.8158,311.6135,1.7603,1.6982,1.7345,,,16443.6977,16443.6977,11804.1659,489693.3175,489693.3175,0
688133.SH,泰坦科技,20250728,27.96,4.6561,6.4862,1.32,356.6035,292.5693,1.6527,1.5945,1.6285,,,16443.6977,16443.6977,11804.1659,459765.7877,459765.7877,0
688133.SH,泰坦科技,20250725,27.4,3.0628,4.2666,0.83,349.4612,286.7095,1.6196,1.5625,1.5959,,,16443.6977,16443.6977,11804.1659,450557.317,450557.317,0
688133.SH,泰坦科技,20250724,26.95,4.1252,5.7465,1.27,343.7219,282.0008,1.593,1.5369,1.5697,,,16443.6977,16443.6977,11804.1659,443157.653,443157.653,0
688133.SH,泰坦科技,20250723,25.82,2.6974,3.7576,0.92,329.3098,270.1766,1.5262,1.4724,1.5039,,,16443.6977,16443.6977,11804.1659,424576.2746,424576.2746,0
688133.SH,泰坦科技,20250722,25.9,4.034,5.6195,1.58,330.3301,271.0137,1.531,1.477,1.5085,,,16443.6977,16443.6977,11804.1659,425891.7704,425891.7704,0
688133.SH,泰坦科技,20250721,25.85,3.7002,5.1546,1.69,329.6924,270.4906,1.528,1.4741,1.5056,,,16443.6977,16443.6977,11804.1659,425069.5855,425069.5855,0
688133.SH,泰坦科技,20250718,25.2,3.8805,5.4056,2.05,321.4023,263.6891,1.4896,1.4371,1.4677,,,16443.6977,16443.6977,11804.1659,414381.182,414381.182,0
688133.SH,泰坦科技,20250717,24.25,1.9621,2.7333,0.9,309.2859,253.7484,1.4334,1.3829,1.4124,,,16443.6977,16443.6977,11804.1659,398759.6692,398759.6692,0
688133.SH,泰坦科技,20250716,23.94,1.1265,1.5693,0.49,305.3321,250.5046,1.4151,1.3652,1.3944,,,16443.6977,16443.6977,11804.1659,393662.1229,393662.1229,0
688133.SH,泰坦科技,20250715,24.07,2.064,2.8752,0.88,306.9902,251.8649,1.4228,1.3726,1.4019,,,16443.6977,16443.6977,11804.1659,395799.8036,395799.8036,0
688133.SH,泰坦科技,20250714,24.45,1.8933,2.6374,0.82,311.8367,255.8412,1.4452,1.3943,1.4241,,,16443.6977,16443.6977,11804.1659,402048.4088,402048.4088,0
688133.SH,泰坦科技,20250711,24.54,2.4407,3.4,1.13,312.9846,256.7829,1.4506,1.3994,1.4293,,,16443.6977,16443.6977,11804.1659,403528.3416,403528.3416,0
688133.SH,泰坦科技,20250710,23.76,3.4025,4.7398,1.85,303.0364,248.6211,1.4045,1.3549,1.3839,,,16443.6977,16443.6977,11804.1659,390702.2574,390702.2574,0
688133.SH,泰坦科技,20250709,24.52,1.769,2.4644,1.02,312.7295,256.5736,1.4494,1.3983,1.4281,,,16443.6977,16443.6977,11804.1659,403199.4676,403199.4676,0
688133.SH,泰坦科技,20250708,24.74,2.2278,3.1035,1.24,315.5354,258.8757,1.4624,1.4108,1.441,,,16443.6977,16443.6977,11804.1659,406817.0811,406817.0811,0
688133.SH,泰坦科技,20250707,23.96,1.7368,2.4194,0.98,305.5872,250.7139,1.4163,1.3664,1.3955,,,16443.6977,16443.6977,11804.1659,393990.9969,393990.9969,0
688133.SH,泰坦科技,20250704,23.56,1.6459,2.2928,1.0,300.4856,246.5283,1.3926,1.3435,1.3722,,,16443.6977,16443.6977,11804.1659,387413.5178,387413.5178,0
688133.SH,泰坦科技,20250703,23.67,1.8226,2.5389,1.17,301.8885,247.6794,1.3991,1.3498,1.3786,,,16443.6977,16443.6977,11804.1659,389222.3246,389222.3246,0
688133.SH,泰坦科技,20250702,23.26,1.2369,1.7231,0.71,296.6594,243.3892,1.3749,1.3264,1.3548,,,16443.6977,16443.6977,11804.1659,382480.4085,382480.4085,0
688133.SH,泰坦科技,20250701,23.65,2.5545,3.5585,1.72,301.6335,247.4701,1.398,1.3487,1.3775,,,16443.6977,16443.6977,11804.1659,388893.4506,388893.4506,0
688133.SH,泰坦科技,20250630,23.02,1.601,2.2302,1.18,293.5984,240.8779,1.3607,1.3127,1.3408,,,16443.6977,16443.6977,11804.1659,378533.9211,378533.9211,0
688133.SH,泰坦科技,20250627,22.31,1.0522,1.4657,0.82,284.543,233.4485,1.3187,1.2723,1.2994,,,16443.6977,16443.6977,11804.1659,366858.8957,366858.8957,0
688133.SH,泰坦科技,20250626,22.33,1.3571,1.8905,1.12,284.7981,233.6578,1.3199,1.2734,1.3006,,,16443.6977,16443.6977,11804.1659,367187.7696,367187.7696,0
688133.SH,泰坦科技,20250625,22.9,2.1546,3.0015,2.36,292.0679,239.6222,1.3536,1.3059,1.3338,,,16443.6977,16443.6977,11804.1659,376560.6773,376560.6773,0
688133.SH,泰坦科技,20250624,22.31,1.2781,1.7805,1.44,284.543,233.4485,1.3187,1.2723,1.2994,,,16443.6977,16443.6977,11804.1659,366858.8957,366858.8957,0
688133.SH,泰坦科技,20250623,21.5,0.9585,1.3353,1.04,274.2122,224.9728,1.2709,1.2261,1.2522,,,16443.6977,16443.6977,11804.1659,353539.5006,353539.5006,0
688133.SH,泰坦科技,20250620,21.13,0.7023,0.9783,0.65,269.4932,221.1012,1.249,1.205,1.2307,,,16443.6977,16443.6977,11804.1659,347455.3324,347455.3324,0
688133.SH,泰坦科技,20250619,21.09,0.9804,1.3658,0.83,268.9831,220.6826,1.2415,1.2027,1.2284,,,16443.6977,16443.6977,11804.1659,346797.5845,346797.5845,0
688133.SH,泰坦科技,20250618,21.45,0.6513,0.9073,0.5,273.5745,224.4496,1.2627,1.2232,1.2493,,,16443.6977,16443.6977,11804.1659,352717.3157,352717.3157,0
688133.SH,泰坦科技,20250617,21.75,1.1378,1.585,0.84,277.4008,227.5888,1.2803,1.2403,1.2668,,,16443.6977,16443.6977,11804.1659,357650.425,357650.425,0
688133.SH,泰坦科技,20250616,21.92,1.1309,1.5754,0.8,279.5689,229.3676,1.2904,1.25,1.2767,,,16443.6977,16443.6977,11804.1659,360445.8536,360445.8536,0
688133.SH,泰坦科技,20250613,21.42,1.5341,2.137,1.16,273.1919,224.1357,1.2609,1.2215,1.2476,,,16443.6977,16443.6977,11804.1659,352224.0047,352224.0047,0
688133.SH,泰坦科技,20250612,22.29,1.4848,2.0684,1.08,284.2879,233.2392,1.3121,1.2711,1.2983,,,16443.6977,16443.6977,11804.1659,366530.0217,366530.0217,0
688133.SH,泰坦科技,20250611,22.39,1.186,1.316,0.81,285.5633,234.2856,1.318,1.2768,1.3041,,,16443.6977,16443.6977,14819.7545,368174.3915,368174.3915,0
688133.SH,泰坦科技,20250610,22.4,1.4061,1.5601,0.9,285.6909,234.3903,1.3186,1.2774,1.3047,,,16443.6977,16443.6977,14819.7545,368338.8285,368338.8285,0
688133.SH,泰坦科技,20250609,22.54,1.4363,1.5937,0.9,287.4765,235.8552,1.3269,1.2854,1.3128,,,16443.6977,16443.6977,14819.7545,370640.9462,370640.9462,0
688133.SH,泰坦科技,20250606,22.41,1.0969,1.2172,0.65,285.8184,234.4949,1.3192,1.278,1.3052,,,16443.6977,16443.6977,14819.7545,368503.2655,368503.2655,0
688133.SH,泰坦科技,20250605,22.64,1.7608,1.9538,1.07,288.7519,236.9016,1.3327,1.2911,1.3186,,,16443.6977,16443.6977,14819.7545,372285.3159,372285.3159,0
688133.SH,泰坦科技,20250604,22.46,1.6208,1.7984,1.03,286.4561,235.0181,1.3221,1.2808,1.3082,,,16443.6977,16443.6977,14819.7545,369325.4503,369325.4503,0
688133.SH,泰坦科技,20250603,22.26,1.8592,2.0629,1.31,283.9053,232.9253,1.3104,1.2694,1.2965,,,16443.6977,16443.6977,14819.7545,366036.7108,366036.7108,0
688133.SH,泰坦科技,20250530,21.82,1.6021,1.7777,1.13,278.2935,228.3212,1.2845,1.2443,1.2709,,,16443.6977,16443.6977,14819.7545,358801.4838,358801.4838,0
688133.SH,泰坦科技,20250529,21.94,1.6335,1.8125,1.28,279.824,229.5769,1.2915,1.2512,1.2779,,,16443.6977,16443.6977,14819.7545,360774.7275,360774.7275,0
688133.SH,泰坦科技,20250528,21.26,1.4785,1.6405,1.07,271.1513,222.4615,1.2515,1.2124,1.2383,,,16443.6977,16443.6977,14819.7545,349593.0131,349593.0131,0
688133.SH,泰坦科技,20250527,21.36,1.3318,1.4777,1.0,272.4267,223.5079,1.2574,1.2181,1.2441,,,16443.6977,16443.6977,14819.7545,351237.3829,351237.3829,0
688133.SH,泰坦科技,20250526,21.48,1.0343,1.1476,0.78,273.9572,224.7635,1.2645,1.2249,1.2511,,,16443.6977,16443.6977,14819.7545,353210.6266,353210.6266,0
688133.SH,泰坦科技,20250523,21.63,1.5951,1.7699,1.29,275.8703,226.3331,1.2733,1.2335,1.2598,,,16443.6977,16443.6977,14819.7545,355677.1813,355677.1813,0
688133.SH,泰坦科技,20250522,21.65,0.9202,1.021,0.7,276.1253,226.5424,1.2745,1.2346,1.261,,,16443.6977,16443.6977,14819.7545,356006.0552,356006.0552,0
688133.SH,泰坦科技,20250521,21.84,1.9988,2.2179,1.76,278.5486,228.5305,1.2856,1.2455,1.272,,,16443.6977,16443.6977,14819.7545,359130.3578,359130.3578,0
688133.SH,泰坦科技,20250520,22.5,1.1348,1.2591,0.88,286.9663,235.4367,1.3245,1.2831,1.3105,,,16443.6977,16443.6977,14819.7545,369983.1983,369983.1983,0
688133.SH,泰坦科技,20250519,22.65,0.9611,1.0664,0.61,288.8794,237.0062,1.3333,1.2916,1.3192,,,16443.6977,16443.6977,14819.7545,372449.7529,372449.7529,0
688133.SH,泰坦科技,20250516,22.54,1.176,1.3049,0.65,287.4765,235.8552,1.3269,1.2854,1.3128,,,16443.6977,16443.6977,14819.7545,370640.9462,370640.9462,0
688133.SH,泰坦科技,20250515,22.23,1.2715,1.4109,0.69,283.5227,232.6114,1.3086,1.2677,1.2948,,,16443.6977,16443.6977,14819.7545,365543.3999,365543.3999,0
688133.SH,泰坦科技,20250514,22.62,1.1448,1.2702,0.56,288.4968,236.6923,1.3316,1.2899,1.3175,,,16443.6977,16443.6977,14819.7545,371956.442,371956.442,0
688133.SH,泰坦科技,20250513,22.77,1.904,2.1126,0.87,290.4099,238.2619,1.3404,1.2985,1.3262,,,16443.6977,16443.6977,14819.7545,374422.9966,374422.9966,0
688133.SH,泰坦科技,20250512,22.77,2.3911,2.6531,0.89,290.4099,238.2619,1.3404,1.2985,1.3262,,,16443.6977,16443.6977,14819.7545,374422.9966,374422.9966,0
688133.SH,泰坦科技,20250509,22.66,2.2896,2.5405,0.91,289.0069,237.1109,1.3339,1.2922,1.3198,,,16443.6977,16443.6977,14819.7545,372614.1899,372614.1899,0
688133.SH,泰坦科技,20250508,23.6,1.465,1.6255,0.54,300.9958,246.9469,1.3893,1.3458,1.3746,,,16443.6977,16443.6977,14819.7545,388071.2657,388071.2657,0
688133.SH,泰坦科技,20250507,23.85,2.1646,2.4017,0.81,304.1843,249.5629,1.404,1.3601,1.3891,,,16443.6977,16443.6977,14819.7545,392182.1901,392182.1901,0
688133.SH,泰坦科技,20250506,23.89,2.6615,2.9531,0.96,304.6944,249.9814,1.4063,1.3624,1.3914,,,16443.6977,16443.6977,14819.7545,392839.9381,392839.9381,0
688133.SH,泰坦科技,20250430,23.31,4.7922,6.6758,2.03,297.2971,243.9124,1.3722,1.3293,1.3577,,,16443.6977,16443.6977,11804.1659,383302.5934,383302.5934,0
688133.SH,泰坦科技,20250429,24.99,1.4691,2.0465,0.51,318.7239,318.7239,1.4749,1.4251,1.4251,,,16443.6977,16443.6977,11804.1659,410928.0055,410928.0055,0
688133.SH,泰坦科技,20250428,24.59,2.4564,3.4219,0.87,313.6223,313.6223,1.4513,1.4023,1.4023,,,16443.6977,16443.6977,11804.1659,404350.5264,404350.5264,0
688133.SH,泰坦科技,20250425,24.32,1.9725,2.7478,0.68,310.1787,310.1787,1.4354,1.3869,1.3869,,,16443.6977,16443.6977,11804.1659,399910.7281,399910.7281,0
688133.SH,泰坦科技,20250424,24.5,3.1698,4.4156,1.07,55.5136,311.5827,1.446,1.4546,1.397,,,16443.6977,16443.6977,11804.1659,402870.5937,402870.5937,0
688133.SH,泰坦科技,20250423,25.5,2.7576,3.8414,0.89,57.7795,324.3003,1.505,1.514,1.454,,,16443.6977,16443.6977,11804.1659,419314.2914,419314.2914,0
688133.SH,泰坦科技,20250422,26.01,3.98,5.5444,1.47,58.9351,330.7863,1.5351,1.5442,1.4831,,,16443.6977,16443.6977,11804.1659,427700.5772,427700.5772,0
688133.SH,泰坦科技,20250421,25.48,2.2593,3.1473,0.83,57.7341,324.046,1.5038,1.5128,1.4529,,,16443.6977,16443.6977,11804.1659,418985.4174,418985.4174,0
688133.SH,泰坦科技,20250418,24.72,2.2351,3.1137,0.71,56.0121,314.3806,1.459,1.4677,1.4095,,,16443.6977,16443.6977,11804.1659,406488.2071,406488.2071,0
688133.SH,泰坦科技,20250417,24.92,3.562,4.962,1.1,56.4653,316.9241,1.4708,1.4795,1.4209,,,16443.6977,16443.6977,11804.1659,409776.9467,409776.9467,0
688133.SH,泰坦科技,20250416,23.66,3.4632,4.8244,1.09,53.6103,300.8998,1.3964,1.4047,1.3491,,,16443.6977,16443.6977,11804.1659,389057.8876,389057.8876,0
688133.SH,泰坦科技,20250415,23.98,2.0411,2.8434,0.57,54.3354,304.9695,1.4153,1.4237,1.3673,,,16443.6977,16443.6977,11804.1659,394319.8708,394319.8708,0
688133.SH,泰坦科技,20250414,23.73,2.3149,3.2247,0.56,53.7689,301.7901,1.4005,1.4089,1.3531,,,16443.6977,16443.6977,11804.1659,390208.9464,390208.9464,0
688133.SH,泰坦科技,20250411,23.66,4.4104,6.1439,1.22,53.6103,300.8998,1.3964,1.4047,1.3491,,,16443.6977,16443.6977,11804.1659,389057.8876,389057.8876,0
688133.SH,泰坦科技,20250410,23.59,3.94,5.4886,1.28,53.4517,300.0096,1.3923,1.4006,1.3451,,,16443.6977,16443.6977,11804.1659,387906.8287,387906.8287,0
688133.SH,泰坦科技,20250409,21.76,3.236,4.5079,1.11,49.3051,276.7363,1.2843,1.2919,1.2408,,,16443.6977,16443.6977,11804.1659,357814.862,357814.862,0
688133.SH,泰坦科技,20250408,20.5,4.1598,5.7947,1.61,46.4502,260.712,1.2099,1.2171,1.1689,,,16443.6977,16443.6977,11804.1659,337095.8029,337095.8029,0
688133.SH,泰坦科技,20250407,18.9,4.9091,6.8386,2.48,42.8248,240.3638,1.1155,1.1221,1.0777,,,16443.6977,16443.6977,11804.1659,310785.8865,310785.8865,0
688133.SH,泰坦科技,20250403,22.61,1.8488,2.5755,0.96,51.2311,287.5463,1.3344,1.3424,1.2892,,,16443.6977,16443.6977,11804.1659,371792.005,371792.005,0
688133.SH,泰坦科技,20250402,23.51,1.2456,1.7352,0.66,53.2704,298.9922,1.3875,1.3958,1.3405,,,16443.6977,16443.6977,11804.1659,386591.3329,386591.3329,0
688133.SH,泰坦科技,20250401,23.5,2.4402,3.3993,1.38,53.2477,298.865,1.3869,1.3952,1.34,,,16443.6977,16443.6977,11804.1659,386426.896,386426.896,0
688133.SH,泰坦科技,20250331,23.06,2.4971,3.4786,1.17,52.2508,293.2692,1.361,1.3691,1.3149,,,16443.6977,16443.6977,11804.1659,379191.669,379191.669,0
688133.SH,泰坦科技,20250328,23.89,1.8476,2.5738,0.83,54.1314,303.8249,1.41,1.4184,1.3622,,,16443.6977,16443.6977,11804.1659,392839.9381,392839.9381,0
688133.SH,泰坦科技,20250327,24.12,1.6211,2.2583,0.76,54.6526,306.75,1.4235,1.432,1.3753,,,16443.6977,16443.6977,11804.1659,396621.9885,396621.9885,0
688133.SH,泰坦科技,20250326,23.55,0.9744,1.3573,0.42,53.361,299.5009,1.3899,1.3982,1.3428,,,16443.6977,16443.6977,11804.1659,387249.0808,387249.0808,0
688133.SH,泰坦科技,20250325,23.41,1.8764,2.6139,0.83,53.0438,297.7204,1.3816,1.3899,1.3348,,,16443.6977,16443.6977,11804.1659,384946.9632,384946.9632,0
688133.SH,泰坦科技,20250324,24.48,4.3764,6.0966,2.53,55.4683,311.3283,1.4448,1.4534,1.3959,,,16443.6977,16443.6977,11804.1659,402541.7197,402541.7197,0
688133.SH,泰坦科技,20250321,23.03,2.2311,3.108,1.24,52.1828,292.8877,1.3592,1.3673,1.3132,,,16443.6977,16443.6977,11804.1659,378698.358,378698.358,0
688133.SH,泰坦科技,20250320,23.98,1.2437,1.7325,0.67,54.3354,304.9695,1.4153,1.4237,1.3673,,,16443.6977,16443.6977,11804.1659,394319.8708,394319.8708,0
688133.SH,泰坦科技,20250319,24.55,1.8964,2.6417,1.1,55.6269,312.2186,1.4489,1.4576,1.3998,,,16443.6977,16443.6977,11804.1659,403692.7785,403692.7785,0
688133.SH,泰坦科技,20250318,23.97,1.6021,2.2318,0.91,54.3127,304.8423,1.4147,1.4231,1.3668,,,16443.6977,16443.6977,11804.1659,394155.4339,394155.4339,0
688133.SH,泰坦科技,20250317,24.22,1.6843,2.3464,0.83,54.8792,308.0217,1.4294,1.438,1.381,,,16443.6977,16443.6977,11804.1659,398266.3583,398266.3583,0
688133.SH,泰坦科技,20250314,24.33,2.5659,3.5744,1.25,55.1284,309.4207,1.4359,1.4445,1.3873,,,16443.6977,16443.6977,11804.1659,400075.165,400075.165,0
688133.SH,泰坦科技,20250313,23.05,1.4817,2.064,0.64,52.2281,293.1421,1.3604,1.3685,1.3143,,,16443.6977,16443.6977,11804.1659,379027.232,379027.232,0
688133.SH,泰坦科技,20250312,23.53,1.2649,1.762,0.48,53.3157,299.2466,1.3887,1.397,1.3417,,,16443.6977,16443.6977,11804.1659,386920.2069,386920.2069,0
688133.SH,泰坦科技,20250311,24.1,1.8185,2.5332,0.59,54.6073,306.4956,1.4224,1.4308,1.3742,,,16443.6977,16443.6977,11804.1659,396293.1146,396293.1146,0
688133.SH,泰坦科技,20250310,24.16,2.9595,4.1228,0.94,54.7432,307.2587,1.4259,1.4344,1.3776,,,16443.6977,16443.6977,11804.1659,397279.7364,397279.7364,0
688133.SH,泰坦科技,20250307,24.77,2.7748,3.8655,0.92,56.1254,315.0164,1.4619,1.4706,1.4124,,,16443.6977,16443.6977,11804.1659,407310.392,407310.392,0
688133.SH,泰坦科技,20250306,24.26,2.8103,3.9149,0.92,54.9698,308.5304,1.4318,1.4403,1.3833,,,16443.6977,16443.6977,11804.1659,398924.1062,398924.1062,0
688133.SH,泰坦科技,20250305,24.21,2.7742,3.8645,1.0,54.8565,307.8946,1.4289,1.4374,1.3805,,,16443.6977,16443.6977,11804.1659,398101.9213,398101.9213,0
688133.SH,泰坦科技,20250304,23.75,4.0709,5.671,1.71,53.8142,302.0444,1.4017,1.4101,1.3542,,,16443.6977,16443.6977,11804.1659,390537.8204,390537.8204,0
688133.SH,泰坦科技,20250303,22.56,3.315,4.6179,1.55,51.1178,286.9104,1.3315,1.3394,1.2864,,,16443.6977,16443.6977,11804.1659,370969.8201,370969.8201,0
688133.SH,泰坦科技,20250228,21.23,2.1614,3.011,0.92,48.1042,269.9959,1.253,1.2604,1.2105,,,16443.6977,16443.6977,11804.1659,349099.7022,349099.7022,0
688133.SH,泰坦科技,20250227,22.77,2.9539,4.1149,1.36,51.5937,360.0851,1.3469,1.3519,1.3178,,,16443.6977,16443.6977,11804.1659,374422.9966,374422.9966,0
688133.SH,泰坦科技,20250226,22.26,1.3911,1.9378,0.65,50.4381,352.02,1.3167,1.3216,1.2883,,,16443.6977,16443.6977,11804.1659,366036.7108,366036.7108,0
688133.SH,泰坦科技,20250225,22.29,2.0874,2.9079,1.01,50.506,352.4944,1.3185,1.3234,1.29,,,16443.6977,16443.6977,11804.1659,366530.0217,366530.0217,0
688133.SH,泰坦科技,20250224,22.47,2.1305,2.9678,1.02,50.9139,355.3409,1.3291,1.3341,1.3004,,,16443.6977,16443.6977,11804.1659,369489.8873,369489.8873,0
688133.SH,泰坦科技,20250221,22.13,3.2158,4.4798,1.81,50.1435,349.9642,1.309,1.3139,1.2807,,,16443.6977,16443.6977,11804.1659,363899.0301,363899.0301,0
688133.SH,泰坦科技,20250220,21.36,2.065,2.8767,1.24,48.3988,337.7874,1.2634,1.2682,1.2362,,,16443.6977,16443.6977,11804.1659,351237.3829,351237.3829,0
688133.SH,泰坦科技,20250219,20.6,1.2483,1.7389,0.69,46.6767,325.7687,1.2185,1.223,1.1922,,,16443.6977,16443.6977,11804.1659,338740.1726,338740.1726,0
688133.SH,泰坦科技,20250218,20.22,1.6262,2.2653,0.95,45.8157,319.7594,1.196,1.2005,1.1702,,,16443.6977,16443.6977,11804.1659,332491.5675,332491.5675,0
688133.SH,泰坦科技,20250217,20.95,2.3188,3.2302,1.46,47.4698,331.3036,1.2392,1.2438,1.2125,,,16443.6977,16443.6977,11804.1659,344495.4668,344495.4668,0
688133.SH,泰坦科技,20250214,20.32,1.6252,2.2639,0.98,46.0423,321.3408,1.2019,1.2064,1.176,,,16443.6977,16443.6977,11804.1659,334135.9373,334135.9373,0
688133.SH,泰坦科技,20250213,19.88,1.5085,2.1014,0.92,45.0453,314.3826,1.1759,1.1803,1.1505,,,16443.6977,16443.6977,11804.1659,326900.7103,326900.7103,0
688133.SH,泰坦科技,20250212,20.2,2.0182,2.8114,1.38,45.7704,319.4431,1.1948,1.1993,1.169,,,16443.6977,16443.6977,11804.1659,332162.6935,332162.6935,0
688133.SH,泰坦科技,20250211,20.22,1.1119,1.5489,0.8,45.8157,319.7594,1.196,1.2005,1.1702,,,16443.6977,16443.6977,11804.1659,332491.5675,332491.5675,0
688133.SH,泰坦科技,20250210,20.36,1.6675,2.3229,1.34,46.1329,321.9733,1.2043,1.2088,1.1783,,,16443.6977,16443.6977,11804.1659,334793.6852,334793.6852,0
688133.SH,泰坦科技,20250207,19.68,1.9936,2.7772,1.75,44.5922,311.2198,1.1641,1.1684,1.139,,,16443.6977,16443.6977,11804.1659,323611.9707,323611.9707,0
688133.SH,泰坦科技,20250206,19.39,1.4096,1.9636,1.33,43.9351,306.6338,1.1469,1.1512,1.1222,,,16443.6977,16443.6977,11804.1659,318843.2984,318843.2984,0
688133.SH,泰坦科技,20250205,18.88,1.1083,1.544,1.0,42.7795,298.5686,1.1168,1.1209,1.0927,,,16443.6977,16443.6977,11804.1659,310457.0126,310457.0126,0
688133.SH,泰坦科技,20250127,18.61,0.7852,1.0938,0.65,42.1677,294.2988,1.1008,1.1049,1.077,,,16443.6977,16443.6977,11804.1659,306017.2142,306017.2142,0
688133.SH,泰坦科技,20250124,19.0,0.9084,1.2654,0.71,43.0514,300.4663,1.1239,1.128,1.0996,,,16443.6977,16443.6977,11804.1659,312430.2563,312430.2563,0
688133.SH,泰坦科技,20250123,18.83,1.4741,2.0535,1.2,42.6662,297.7779,1.1138,1.118,1.0898,,,16443.6977,16443.6977,11804.1659,309634.8277,309634.8277,0
688133.SH,泰坦科技,20250122,18.63,1.0071,1.4029,0.79,42.213,294.6151,1.102,1.1061,1.0782,,,16443.6977,16443.6977,11804.1659,306346.0882,306346.0882,0
688133.SH,泰坦科技,20250121,18.78,1.3672,1.9045,1.07,42.5529,296.9872,1.1108,1.115,1.0869,,,16443.6977,16443.6977,11804.1659,308812.6428,308812.6428,0
688133.SH,泰坦科技,20250120,19.21,1.2648,1.7619,1.01,43.5272,303.7872,1.1363,1.1405,1.1118,,,16443.6977,16443.6977,11804.1659,315883.4328,315883.4328,0
688133.SH,泰坦科技,20250117,19.21,1.3214,1.8407,1.05,43.5272,303.7872,1.1363,1.1405,1.1118,,,16443.6977,16443.6977,11804.1659,315883.4328,315883.4328,0
688133.SH,泰坦科技,20250116,18.86,1.1874,1.6541,0.89,42.7341,298.2523,1.1156,1.1197,1.0915,,,16443.6977,16443.6977,11804.1659,310128.1386,310128.1386,0
688133.SH,泰坦科技,20250115,18.78,1.1951,1.6648,0.77,42.5529,296.9872,1.1108,1.115,1.0869,,,16443.6977,16443.6977,11804.1659,308812.6428,308812.6428,0
688133.SH,泰坦科技,20250114,18.94,1.4307,1.9931,0.82,42.9154,299.5174,1.1203,1.1245,1.0961,,,16443.6977,16443.6977,11804.1659,311443.6344,311443.6344,0
688133.SH,泰坦科技,20250113,18.02,1.1263,1.5689,0.59,40.8308,284.9686,1.0659,1.0699,1.0429,,,16443.6977,16443.6977,11804.1659,296315.4326,296315.4326,0
688133.SH,泰坦科技,20250110,17.79,1.3282,1.8502,0.63,40.3097,281.3313,1.0523,1.0562,1.0296,,,16443.6977,16443.6977,11804.1659,292533.3821,292533.3821,0
688133.SH,泰坦科技,20250109,18.35,1.5954,2.2224,0.72,41.5786,290.1872,1.0854,1.0895,1.062,,,16443.6977,16443.6977,11804.1659,301741.8528,301741.8528,0
688133.SH,泰坦科技,20250108,18.21,2.2776,3.1729,1.03,41.2613,287.9732,1.0771,1.0811,1.0539,,,16443.6977,16443.6977,11804.1659,299439.7351,299439.7351,0
688133.SH,泰坦科技,20250107,17.81,2.3947,3.3359,1.15,40.355,281.6476,1.0535,1.0574,1.0307,,,16443.6977,16443.6977,11804.1659,292862.256,292862.256,0
688133.SH,泰坦科技,20250106,17.23,1.9328,2.6924,0.96,39.0408,272.4755,1.0192,1.023,0.9972,,,16443.6977,16443.6977,11804.1659,283324.9114,283324.9114,0
688133.SH,泰坦科技,20250103,17.54,2.3759,3.3097,1.27,39.7432,277.3778,1.0375,1.0414,1.0151,,,16443.6977,16443.6977,11804.1659,288422.4577,288422.4577,0
688133.SH,泰坦科技,20250102,18.02,2.1288,2.9655,1.19,40.8308,284.9686,1.0659,1.0699,1.0429,,,16443.6977,16443.6977,11804.1659,296315.4326,296315.4326,0
