ts_code,name,trade_date,close,turnover_rate,turnover_rate_f,volume_ratio,pe,pe_ttm,pb,ps,ps_ttm,dv_ratio,dv_ttm,total_share,float_share,free_share,total_mv,circ_mv,limit_status
000069.SZ,华侨城Ａ,20241231,2.67,0.6017,1.1976,0.84,,,0.3789,0.385,0.4025,0.0,,803775.8053,689461.3407,346409.3445,2146081.4002,1840861.7797,0.0
000069.SZ,华侨城Ａ,20241230,2.73,0.7352,1.4632,0.94,,,0.3875,0.3936,0.4116,0.0,,803775.8053,689461.3407,346409.3445,2194307.9485,1882229.4601,0.0
000069.SZ,华侨城Ａ,20241227,2.77,0.7073,1.4077,0.89,,,0.3931,0.3994,0.4176,0.0,,803775.8053,689461.3407,346409.3445,2226458.9807,1909807.9137,0.0
000069.SZ,华侨城Ａ,20241226,2.74,0.7433,1.4794,0.72,,,0.3889,0.3951,0.4131,0.0,,803775.8053,689461.3407,346409.3445,2202345.7065,1889124.0735,0.0
000069.SZ,华侨城Ａ,20241225,2.79,0.6653,1.3242,0.47,,,0.396,0.4023,0.4206,0.0,,803775.8053,689461.3407,346409.3445,2242534.4968,1923597.1406,0.0
000069.SZ,华侨城Ａ,20241224,2.83,0.7365,1.466,0.48,,,0.4016,0.4081,0.4267,0.0,,803775.8053,689461.3407,346409.3445,2274685.529,1951175.5942,0.0
000069.SZ,华侨城Ａ,20241223,2.81,1.0684,2.1007,0.67,,,0.3988,0.4052,0.4236,0.0,,803775.8053,689461.3407,350664.2045,2258610.0129,1937386.3674,0.0
000069.SZ,华侨城Ａ,20241220,2.92,0.7734,1.5207,0.42,,,0.4144,0.421,0.4402,0.0,,803775.8053,689461.3407,350664.2045,2347025.3515,2013227.1148,0.0
000069.SZ,华侨城Ａ,20241219,2.93,1.948,3.8301,1.13,,,0.4158,0.4225,0.4417,0.0,,803775.8053,689461.3407,350664.2045,2355063.1095,2020121.7283,0.0
000069.SZ,华侨城Ａ,20241218,3.06,2.5591,5.0317,1.54,,,0.4343,0.4412,0.4613,0.0,,803775.8053,689461.3407,350664.2045,2459553.9642,2109751.7025,0.0
000069.SZ,华侨城Ａ,20241217,2.91,1.3236,2.6024,0.72,,,0.413,0.4196,0.4387,0.0,,803775.8053,689461.3407,350664.2045,2338987.5934,2006332.5014,0.0
000069.SZ,华侨城Ａ,20241216,2.99,1.3435,2.6415,0.72,,,0.4244,0.4311,0.4508,0.0,,803775.8053,689461.3407,350664.2045,2403289.6578,2061489.4087,0.0
000069.SZ,华侨城Ａ,20241213,3.04,2.0333,3.9978,1.12,,,0.4315,0.4383,0.4583,0.0,,803775.8053,689461.3407,350664.2045,2443478.4481,2095962.4757,0.0
000069.SZ,华侨城Ａ,20241212,3.17,1.3613,2.6764,0.8,,,0.4499,0.4571,0.4779,0.0,,803775.8053,689461.3407,350664.2045,2547969.3028,2185592.45,0.0
000069.SZ,华侨城Ａ,20241211,3.13,2.2615,4.4464,1.54,,,0.4442,0.4513,0.4719,0.0,,803775.8053,689461.3407,350664.2045,2515818.2706,2158013.9964,0.0
000069.SZ,华侨城Ａ,20241210,3.04,2.1688,4.2641,1.71,,,0.4315,0.4383,0.4583,0.0,,803775.8053,689461.3407,350664.2045,2443478.4481,2095962.4757,0.0
000069.SZ,华侨城Ａ,20241209,3.0,1.5037,2.9565,1.18,,,0.4258,0.4326,0.4523,0.0,,803775.8053,689461.3407,350664.2045,2411327.4159,2068384.0221,0.0
000069.SZ,华侨城Ａ,20241206,3.1,1.7577,3.4559,1.47,,,0.44,0.447,0.4674,0.0,,803775.8053,689461.3407,350664.2045,2491704.9964,2137330.1562,0.0
000069.SZ,华侨城Ａ,20241205,3.03,0.8359,1.6436,0.62,,,0.43,0.4369,0.4568,0.0,,803775.8053,689461.3407,350664.2045,2435440.6901,2089067.8623,0.0
000069.SZ,华侨城Ａ,20241204,3.0,1.0764,2.1164,0.8,,,0.4258,0.4326,0.4523,0.0,,803775.8053,689461.3407,350664.2045,2411327.4159,2068384.0221,0.0
000069.SZ,华侨城Ａ,20241203,3.09,1.1844,2.3287,0.84,,,0.4385,0.4455,0.4659,0.0,,803775.8053,689461.3407,350664.2045,2483667.2384,2130435.5428,0.0
000069.SZ,华侨城Ａ,20241202,3.1,1.5223,2.9931,1.07,,,0.44,0.447,0.4674,0.0,,803775.8053,689461.3407,350664.2045,2491704.9964,2137330.1562,0.0
000069.SZ,华侨城Ａ,20241129,3.05,1.3592,2.6724,0.9,,,0.4329,0.4398,0.4598,0.0,,803775.8053,689461.3407,350664.2045,2451516.2062,2102857.0891,0.0
000069.SZ,华侨城Ａ,20241128,3.07,1.5772,3.101,1.15,,,0.4357,0.4427,0.4628,0.0,,803775.8053,689461.3407,350664.2045,2467591.7223,2116646.3159,0.0
000069.SZ,华侨城Ａ,20241127,3.02,1.1168,2.1957,0.8,,,0.4286,0.4355,0.4553,0.0,,803775.8053,689461.3407,350664.2045,2427402.932,2082173.2489,0.0
000069.SZ,华侨城Ａ,20241126,2.99,1.4465,2.8441,0.83,,,0.4244,0.4311,0.4508,0.0,,803775.8053,689461.3407,350664.2045,2403289.6578,2061489.4087,0.0
000069.SZ,华侨城Ａ,20241125,2.95,1.6282,3.2013,0.73,,,0.4187,0.4254,0.4448,0.0,,803775.8053,689461.3407,350664.2045,2371138.6256,2033910.9551,0.0
000069.SZ,华侨城Ａ,20241122,2.88,1.7764,3.4926,0.85,,,0.4087,0.4153,0.4342,0.0,,803775.8053,689461.3407,350664.2045,2314874.3193,1985648.6612,0.0
000069.SZ,华侨城Ａ,20241121,2.91,0.903,1.7754,0.41,,,0.413,0.4196,0.4387,0.0,,803775.8053,689461.3407,350664.2045,2338987.5934,2006332.5014,0.0
000069.SZ,华侨城Ａ,20241120,2.94,1.2242,2.407,0.54,,,0.4173,0.4239,0.4432,0.0,,803775.8053,689461.3407,350664.2045,2363100.8676,2027016.3417,0.0
000069.SZ,华侨城Ａ,20241119,2.91,3.1351,6.1642,1.62,,,0.413,0.4196,0.4387,0.0,,803775.8053,689461.3407,350664.2045,2338987.5934,2006332.5014,0.0
000069.SZ,华侨城Ａ,20241118,3.07,4.1206,8.1018,2.67,,,0.4357,0.4427,0.4628,0.0,,803775.8053,689461.3407,350664.2045,2467591.7223,2116646.3159,0.0
000069.SZ,华侨城Ａ,20241115,2.84,1.1196,2.2013,0.55,,,0.4031,0.4095,0.4282,0.0,,803775.8053,689461.3407,350664.2045,2282723.2871,1958070.2076,0.0
000069.SZ,华侨城Ａ,20241114,2.93,1.3146,2.5848,0.51,,,0.4158,0.4225,0.4417,0.0,,803775.8053,689461.3407,350664.2045,2355063.1095,2020121.7283,0.0
000069.SZ,华侨城Ａ,20241113,3.01,1.5594,3.066,0.52,,,0.4272,0.434,0.4538,0.0,,803775.8053,689461.3407,350664.2045,2419365.174,2075278.6355,0.0
000069.SZ,华侨城Ａ,20241112,3.07,1.5856,3.1175,0.51,,,0.4357,0.4427,0.4628,0.0,,803775.8053,689461.3407,350664.2045,2467591.7223,2116646.3159,0.0
000069.SZ,华侨城Ａ,20241111,3.11,2.1319,4.1917,0.72,,,0.4414,0.4484,0.4689,0.0,,803775.8053,689461.3407,350664.2045,2499742.7545,2144224.7696,0.0
000069.SZ,华侨城Ａ,20241108,3.19,3.5339,6.9483,1.34,,,0.4527,0.46,0.4809,0.0,,803775.8053,689461.3407,350664.2045,2564044.8189,2199381.6768,0.0
000069.SZ,华侨城Ａ,20241107,3.4,4.0858,8.0333,1.73,,,0.4825,0.4902,0.5126,0.0,,803775.8053,689461.3407,350664.2045,2732837.738,2344168.5584,0.0
000069.SZ,华侨城Ａ,20241106,3.18,3.6376,7.1522,1.74,,,0.4513,0.4585,0.4794,0.0,,803775.8053,689461.3407,350664.2045,2556007.0609,2192487.0634,0.0
000069.SZ,华侨城Ａ,20241105,3.02,2.0659,4.0618,0.98,,,0.4286,0.4355,0.4553,0.0,,803775.8053,689461.3407,350664.2045,2427402.932,2082173.2489,0.0
000069.SZ,华侨城Ａ,20241104,2.89,1.4207,2.7933,0.66,,,0.4102,0.4167,0.4357,0.0,,803775.8053,689461.3407,350664.2045,2322912.0773,1992543.2746,0.0
000069.SZ,华侨城Ａ,20241101,2.93,1.9518,3.8375,0.94,,,0.4158,0.4225,0.4417,0.0,,803775.8053,689461.3407,350664.2045,2355063.1095,2020121.7283,0.0
000069.SZ,华侨城Ａ,20241031,2.96,2.7464,5.3999,1.54,,,0.4201,0.4268,0.4463,0.0,,803775.8053,689461.3407,350664.2045,2379176.3837,2040805.5685,0.0
000069.SZ,华侨城Ａ,20241030,2.89,2.275,4.4729,1.39,,,0.4025,0.4167,0.3916,0.0,,803775.8053,689461.3407,350664.2045,2322912.0773,1992543.2746,0.0
000069.SZ,华侨城Ａ,20241029,2.8,2.1871,4.3001,1.55,,,0.39,0.4037,0.3794,0.0,,803775.8053,689461.3407,350664.2045,2250572.2548,1930491.754,0.0
000069.SZ,华侨城Ａ,20241028,2.84,1.5949,3.1358,1.08,,,0.3956,0.4095,0.3848,0.0,,803775.8053,689461.3407,350664.2045,2282723.2871,1958070.2076,0.0
000069.SZ,华侨城Ａ,20241025,2.75,1.6033,3.1523,1.0,,,0.383,0.3965,0.3726,0.0,,803775.8053,689461.3407,350664.2045,2210383.4646,1896018.6869,0.0
000069.SZ,华侨城Ａ,20241024,2.7,1.2574,2.4722,0.66,,,0.3761,0.3893,0.3659,0.0,,803775.8053,689461.3407,350664.2045,2170194.6743,1861545.6199,0.0
000069.SZ,华侨城Ａ,20241023,2.72,1.5293,3.0069,0.67,,,0.3788,0.3922,0.3686,0.0,,803775.8053,689461.3407,350664.2045,2186270.1904,1875334.8467,0.0
000069.SZ,华侨城Ａ,20241022,2.7,1.0828,2.129,0.44,,,0.3761,0.3893,0.3659,0.0,,803775.8053,689461.3407,350664.2045,2170194.6743,1861545.6199,0.0
000069.SZ,华侨城Ａ,20241021,2.67,1.8989,3.7335,0.75,,,0.3719,0.385,0.3618,0.0,,803775.8053,689461.3407,350664.2045,2146081.4002,1840861.7797,0.0
000069.SZ,华侨城Ａ,20241018,2.69,2.2685,4.4601,0.91,,,0.3747,0.3879,0.3645,0.0,,803775.8053,689461.3407,350664.2045,2162156.9163,1854651.0065,0.0
000069.SZ,华侨城Ａ,20241017,2.68,2.7709,5.448,0.99,,,0.3733,0.3864,0.3632,0.0,,803775.8053,689461.3407,350664.2045,2154119.1582,1847756.3931,0.0
000069.SZ,华侨城Ａ,20241016,2.88,3.323,6.5335,1.13,,,0.4011,0.4153,0.3903,0.0,,803775.8053,689461.3407,350664.2045,2314874.3193,1985648.6612,0.0
000069.SZ,华侨城Ａ,20241015,2.68,1.9676,3.8686,0.46,,,0.3733,0.3864,0.3632,0.0,,803775.8053,689461.3407,350664.2045,2154119.1582,1847756.3931,0.0
000069.SZ,华侨城Ａ,20241014,2.74,2.3963,4.7115,0.62,,,0.3816,0.3951,0.3713,0.0,,803775.8053,689461.3407,350664.2045,2202345.7065,1889124.0735,0.0
000069.SZ,华侨城Ａ,20241011,2.69,2.0582,4.0468,0.57,,,0.3747,0.3879,0.3645,0.0,,803775.8053,689461.3407,350664.2045,2162156.9163,1854651.0065,0.0
000069.SZ,华侨城Ａ,20241010,2.72,4.2273,8.3115,1.19,,,0.3788,0.3922,0.3686,0.0,,803775.8053,689461.3407,350664.2045,2186270.1904,1875334.8467,0.0
000069.SZ,华侨城Ａ,20241009,2.89,4.0274,7.9184,1.2,,,0.4025,0.4167,0.3916,0.0,,803775.8053,689461.3407,350664.2045,2322912.0773,1992543.2746,-1.0
000069.SZ,华侨城Ａ,20241008,3.21,8.7393,17.1828,4.81,,,0.4471,0.4629,0.435,0.0,,803775.8053,689461.3407,350664.2045,2580120.335,2213170.9036,1.0
000069.SZ,华侨城Ａ,20240930,2.92,0.3296,0.6481,0.18,,,0.4067,0.421,0.3957,0.0,,803775.8053,689461.3407,350664.2045,2347025.3515,2013227.1148,1.0
000069.SZ,华侨城Ａ,20240927,2.65,0.7758,1.5253,0.41,,,0.3691,0.3821,0.3591,0.0,,803775.8053,689461.3407,350664.2045,2130005.884,1827072.5529,1.0
000069.SZ,华侨城Ａ,20240926,2.41,3.899,7.666,2.91,,,0.3357,0.3475,0.3266,0.0,,803775.8053,689461.3407,350664.2045,1937099.6908,1661601.8311,1.0
000069.SZ,华侨城Ａ,20240925,2.19,3.0741,6.0442,3.53,,,0.305,0.3158,0.2968,0.0,,803775.8053,689461.3407,350664.2045,1760269.0136,1509920.3361,0.0
000069.SZ,华侨城Ａ,20240924,2.09,1.0008,1.9567,1.3,,,0.2911,0.3014,0.2832,0.0,,803775.8053,689461.3407,352657.0509,1679891.4331,1440974.2021,0.0
000069.SZ,华侨城Ａ,20240923,2.02,0.6663,1.3026,0.94,,,0.2813,0.2913,0.2737,0.0,,803775.8053,689461.3407,352657.0509,1623627.1267,1392711.9082,0.0
000069.SZ,华侨城Ａ,20240920,2.02,0.8645,1.6901,1.33,,,0.2813,0.2913,0.2737,0.0,,803775.8053,689461.3407,352657.0509,1623627.1267,1392711.9082,0.0
000069.SZ,华侨城Ａ,20240919,1.99,1.1032,2.1569,2.03,,,0.2772,0.2869,0.2697,0.0,,803775.8053,689461.3407,352657.0509,1599513.8525,1372028.068,0.0
000069.SZ,华侨城Ａ,20240918,1.93,0.7159,1.3997,1.54,,,0.2688,0.2783,0.2615,0.0,,803775.8053,689461.3407,352657.0509,1551287.3042,1330660.3876,0.0
000069.SZ,华侨城Ａ,20240913,1.91,0.4964,0.9705,1.16,,,0.266,0.2754,0.2588,0.0,,803775.8053,689461.3407,352657.0509,1535211.7881,1316871.1607,0.0
000069.SZ,华侨城Ａ,20240912,1.91,0.3503,0.6849,0.78,,,0.266,0.2754,0.2588,0.0,,803775.8053,689461.3407,352657.0509,1535211.7881,1316871.1607,0.0
000069.SZ,华侨城Ａ,20240911,1.91,0.5773,1.1286,1.3,,,0.266,0.2754,0.2588,0.0,,803775.8053,689461.3407,352657.0509,1535211.7881,1316871.1607,0.0
000069.SZ,华侨城Ａ,20240910,1.89,0.5766,1.1273,1.3,,,0.2632,0.2725,0.2561,0.0,,803775.8053,689461.3407,352657.0509,1519136.272,1303081.9339,0.0
000069.SZ,华侨城Ａ,20240909,1.89,0.3188,0.6233,0.61,,,0.2632,0.2725,0.2561,0.0,,803775.8053,689461.3407,352657.0509,1519136.272,1303081.9339,0.0
000069.SZ,华侨城Ａ,20240906,1.9,0.3119,0.6098,0.42,,,0.2646,0.274,0.2575,0.0,,803775.8053,689461.3407,352657.0509,1527174.0301,1309976.5473,0.0
000069.SZ,华侨城Ａ,20240905,1.93,0.4511,0.8819,0.61,,,0.2688,0.2783,0.2615,0.0,,803775.8053,689461.3407,352657.0509,1551287.3042,1330660.3876,0.0
000069.SZ,华侨城Ａ,20240904,1.9,0.5629,1.1006,0.75,,,0.2646,0.274,0.2575,0.0,,803775.8053,689461.3407,352657.0509,1527174.0301,1309976.5473,0.0
000069.SZ,华侨城Ａ,20240903,1.92,0.5699,1.1142,0.71,,,0.2674,0.2768,0.2602,0.0,,803775.8053,689461.3407,352657.0509,1543249.5462,1323765.7741,0.0
000069.SZ,华侨城Ａ,20240902,1.89,0.7084,1.3849,0.95,,,0.2632,0.2725,0.2561,0.0,,803775.8053,689461.3407,352657.0509,1519136.272,1303081.9339,0.0
000069.SZ,华侨城Ａ,20240830,1.92,1.4377,2.8084,2.61,,,0.2643,0.2768,0.2682,0.0,,803775.8053,689561.0501,352996.7603,1543249.5462,1323957.2162,0.0
000069.SZ,华侨城Ａ,20240829,1.82,0.441,0.8615,0.75,,,0.2505,0.2624,0.2543,0.0,,803775.8053,689561.0501,352996.7603,1462871.9656,1255001.1112,0.0
000069.SZ,华侨城Ａ,20240828,1.8,0.5995,1.1711,1.1,,,0.2477,0.2595,0.2515,0.0,,803775.8053,689561.0501,352996.7603,1446796.4495,1241209.8902,0.0
000069.SZ,华侨城Ａ,20240827,1.82,0.8027,1.568,1.7,,,0.2505,0.2624,0.2543,0.0,,803775.8053,689561.0501,352996.7603,1462871.9656,1255001.1112,0.0
000069.SZ,华侨城Ａ,20240826,1.9,0.433,0.8458,0.9,,,0.2615,0.274,0.2654,0.0,,803775.8053,689561.0501,352996.7603,1527174.0301,1310165.9952,0.0
000069.SZ,华侨城Ａ,20240823,1.89,0.4745,0.927,0.95,,,0.2601,0.2725,0.264,0.0,,803775.8053,689561.0501,352996.7603,1519136.272,1303270.3847,0.0
000069.SZ,华侨城Ａ,20240822,1.89,0.6279,1.2265,1.26,,,0.2601,0.2725,0.264,0.0,,803775.8053,689561.0501,352996.7603,1519136.272,1303270.3847,0.0
000069.SZ,华侨城Ａ,20240821,1.93,0.3772,0.7369,0.75,,,0.2656,0.2783,0.2696,0.0,,803775.8053,689561.0501,352996.7603,1551287.3042,1330852.8267,0.0
000069.SZ,华侨城Ａ,20240820,1.95,0.4533,0.8855,0.85,,,0.2684,0.2812,0.2724,0.0,,803775.8053,689561.0501,352996.7603,1567362.8203,1344644.0477,0.0
000069.SZ,华侨城Ａ,20240819,1.98,0.4622,0.9029,0.74,,,0.2725,0.2855,0.2766,0.0,,803775.8053,689561.0501,352996.7603,1591476.0945,1365330.8792,0.0
000069.SZ,华侨城Ａ,20240816,1.98,0.5709,1.1152,0.66,,,0.2725,0.2855,0.2766,0.0,,803775.8053,689561.0501,352996.7603,1591476.0945,1365330.8792,0.0
000069.SZ,华侨城Ａ,20240815,2.02,0.6216,1.2143,0.67,,,0.278,0.2913,0.2822,0.0,,803775.8053,689561.0501,352996.7603,1623627.1267,1392913.3212,0.0
000069.SZ,华侨城Ａ,20240814,1.99,0.4011,0.7834,0.42,,,0.2739,0.2869,0.278,0.0,,803775.8053,689561.0501,352996.7603,1599513.8525,1372226.4897,0.0
000069.SZ,华侨城Ａ,20240813,2.01,0.5979,1.1679,0.62,,,0.2767,0.2898,0.2808,0.0,,803775.8053,689561.0501,352996.7603,1615589.3687,1386017.7107,0.0
000069.SZ,华侨城Ａ,20240812,2.01,0.9374,1.8312,1.01,,,0.2767,0.2898,0.2808,0.0,,803775.8053,689561.0501,352996.7603,1615589.3687,1386017.7107,0.0
000069.SZ,华侨城Ａ,20240809,2.09,1.7595,3.437,2.53,,,0.2877,0.3014,0.292,0.0,,803775.8053,689561.0501,352996.7603,1679891.4331,1441182.5947,0.0
000069.SZ,华侨城Ａ,20240808,2.05,0.9203,1.7978,1.5,,,0.2822,0.2956,0.2864,0.0,,803775.8053,689561.0501,352996.7603,1647740.4009,1413600.1527,0.0
000069.SZ,华侨城Ａ,20240807,2.02,0.5741,1.1215,0.84,,,0.278,0.2913,0.2822,0.0,,803775.8053,689561.0501,352996.7603,1623627.1267,1392913.3212,0.0
000069.SZ,华侨城Ａ,20240806,2.05,0.6638,1.2967,1.0,,,0.2822,0.2956,0.2864,0.0,,803775.8053,689561.0501,352996.7603,1647740.4009,1413600.1527,0.0
000069.SZ,华侨城Ａ,20240805,2.01,0.7165,1.3997,1.17,,,0.2767,0.2898,0.2808,0.0,,803775.8053,689561.0501,352996.7603,1615589.3687,1386017.7107,0.0
000069.SZ,华侨城Ａ,20240802,2.02,0.5994,1.1708,1.01,,,0.278,0.2913,0.2822,0.0,,803775.8053,689561.0501,352996.7603,1623627.1267,1392913.3212,0.0
000069.SZ,华侨城Ａ,20240801,2.03,0.524,1.0235,0.88,,,0.2794,0.2927,0.2836,0.0,,803775.8053,689561.0501,352996.7603,1631664.8848,1399808.9317,0.0
000069.SZ,华侨城Ａ,20240731,2.06,0.9014,1.7609,1.62,,,0.2835,0.297,0.2878,0.0,,803775.8053,689561.0501,352996.7603,1655778.1589,1420495.7632,0.0
000069.SZ,华侨城Ａ,20240730,1.97,0.5884,1.1494,1.09,,,0.2711,0.2841,0.2752,0.0,,803775.8053,689561.0501,352996.7603,1583438.3364,1358435.2687,0.0
000069.SZ,华侨城Ａ,20240729,1.94,0.4426,0.8646,0.83,,,0.267,0.2797,0.271,0.0,,803775.8053,689561.0501,352996.7603,1559325.0623,1337748.4372,0.0
000069.SZ,华侨城Ａ,20240726,1.96,0.5001,0.9769,0.93,,,0.2698,0.2826,0.2738,0.0,,803775.8053,689561.0501,352996.7603,1575400.5784,1351539.6582,0.0
000069.SZ,华侨城Ａ,20240725,1.94,0.5368,1.0486,1.01,,,0.267,0.2797,0.271,0.0,,803775.8053,689561.0501,352996.7603,1559325.0623,1337748.4372,0.0
000069.SZ,华侨城Ａ,20240724,1.93,0.7218,1.4101,1.41,,,0.2656,0.2783,0.2696,0.0,,803775.8053,689561.0501,352996.7603,1551287.3042,1330852.8267,0.0
000069.SZ,华侨城Ａ,20240723,1.98,0.4877,0.9527,0.96,,,0.2725,0.2855,0.2766,0.0,,803775.8053,689561.0501,352996.7603,1591476.0945,1365330.8792,0.0
000069.SZ,华侨城Ａ,20240722,2.0,0.4074,0.7958,0.76,,,0.2753,0.2884,0.2794,0.0,,803775.8053,689561.0501,352996.7603,1607551.6106,1379122.1002,0.0
000069.SZ,华侨城Ａ,20240719,2.02,0.5486,1.0717,0.87,,,0.278,0.2913,0.2822,0.0,,803775.8053,689561.0501,352996.7603,1623627.1267,1392913.3212,0.0
000069.SZ,华侨城Ａ,20240718,2.04,0.4961,0.9692,0.74,,,0.2808,0.2941,0.285,0.0,,803775.8053,689561.0501,352996.7603,1639702.6428,1406704.5422,0.0
000069.SZ,华侨城Ａ,20240717,2.03,0.6154,1.2022,0.92,,,0.2794,0.2927,0.2836,0.0,,803775.8053,689561.0501,352996.7603,1631664.8848,1399808.9317,0.0
000069.SZ,华侨城Ａ,20240716,2.01,0.4668,0.9119,0.61,,,0.2767,0.2898,0.2808,0.0,,803775.8053,689561.0501,352996.7603,1615589.3687,1386017.7107,0.0
000069.SZ,华侨城Ａ,20240715,2.0,0.5605,1.095,0.65,,,0.2753,0.2884,0.2794,0.0,,803775.8053,689561.0501,352996.7603,1607551.6106,1379122.1002,0.0
000069.SZ,华侨城Ａ,20240712,2.05,1.0142,1.9812,1.31,,,0.2822,0.2956,0.2864,0.0,,803775.8053,689561.0501,352996.7603,1647740.4009,1413600.1527,0.0
000069.SZ,华侨城Ａ,20240711,2.02,0.7114,1.3896,0.9,,,0.278,0.2913,0.2822,0.0,,803775.8053,689561.0501,352996.7603,1623627.1267,1392913.3212,0.0
000069.SZ,华侨城Ａ,20240710,1.94,0.5859,1.1446,0.66,,,0.267,0.2797,0.271,0.0,,803775.8053,689561.0501,352996.7603,1559325.0623,1337748.4372,0.0
000069.SZ,华侨城Ａ,20240709,1.97,0.968,1.891,1.09,,,0.2711,0.2841,0.2752,0.0,,803775.8053,689561.0501,352996.7603,1583438.3364,1358435.2687,0.0
000069.SZ,华侨城Ａ,20240708,1.99,1.0545,2.0599,1.17,,,0.2739,0.2869,0.278,0.0,,803775.8053,689561.0501,352996.7603,1599513.8525,1372226.4897,0.0
000069.SZ,华侨城Ａ,20240705,2.07,0.5507,1.0758,0.55,,,0.2849,0.2985,0.2892,0.0,,803775.8053,689561.0501,352996.7603,1663815.917,1427391.3737,0.0
000069.SZ,华侨城Ａ,20240704,2.08,0.7818,1.5273,0.78,,,0.2863,0.2999,0.2906,0.0,,803775.8053,689561.0501,352996.7603,1671853.675,1434286.9842,0.0
000069.SZ,华侨城Ａ,20240703,2.15,1.0671,2.0846,1.1,,,0.2959,0.31,0.3004,0.0,,803775.8053,689561.0501,352996.7603,1728117.9814,1482556.2577,0.0
000069.SZ,华侨城Ａ,20240702,2.1,0.9694,1.8936,0.95,,,0.289,0.3028,0.2934,0.0,,803775.8053,689561.0501,352996.7603,1687929.1911,1448078.2052,0.0
000069.SZ,华侨城Ａ,20240701,2.13,1.1505,2.2475,1.14,,,0.2932,0.3071,0.2976,0.0,,803775.8053,689561.0501,352996.7603,1712042.4653,1468765.0367,0.0
000069.SZ,华侨城Ａ,20240628,2.04,1.0717,2.0935,1.13,,,0.2808,0.2941,0.285,0.0,,803775.8053,689561.0501,352996.7603,1639702.6428,1406704.5422,0.0
000069.SZ,华侨城Ａ,20240627,2.08,0.7839,1.5312,0.79,,,0.2863,0.2999,0.2906,0.0,,803775.8053,689561.0501,352996.7603,1671853.675,1434286.9842,0.0
000069.SZ,华侨城Ａ,20240626,2.13,0.8652,1.6902,0.87,,,0.2932,0.3071,0.2976,0.0,,803775.8053,689561.0501,352996.7603,1712042.4653,1468765.0367,0.0
000069.SZ,华侨城Ａ,20240625,2.08,1.2255,2.3939,1.24,,,0.2863,0.2999,0.2906,0.0,,803775.8053,689561.0501,352996.7603,1671853.675,1434286.9842,0.0
000069.SZ,华侨城Ａ,20240624,2.05,1.1154,2.1788,0.99,,,0.2822,0.2956,0.2864,0.0,,803775.8053,689561.0501,352996.7603,1647740.4009,1413600.1527,0.0
000069.SZ,华侨城Ａ,20240621,2.06,0.7667,1.4976,0.48,,,0.2835,0.297,0.2878,0.0,,803775.8053,689561.0501,352996.7603,1655778.1589,1420495.7632,0.0
000069.SZ,华侨城Ａ,20240620,2.05,0.9851,1.9244,0.53,,,0.2822,0.2956,0.2864,0.0,,803775.8053,689561.0501,352996.7603,1647740.4009,1413600.1527,0.0
000069.SZ,华侨城Ａ,20240619,2.11,0.8811,1.7213,0.45,,,0.2904,0.3042,0.2948,0.0,,803775.8053,689561.0501,352996.7603,1695966.9492,1454973.8157,0.0
000069.SZ,华侨城Ａ,20240618,2.15,1.1783,2.3018,0.62,,,0.2959,0.31,0.3004,0.0,,803775.8053,689561.0501,352996.7603,1728117.9814,1482556.2577,0.0
000069.SZ,华侨城Ａ,20240617,2.15,1.8495,3.6129,1.07,,,0.2959,0.31,0.3004,0.0,,803775.8053,689561.0501,352996.7603,1728117.9814,1482556.2577,0.0
000069.SZ,华侨城Ａ,20240614,2.18,3.024,5.9072,2.29,,,0.3001,0.3143,0.3046,0.0,,803775.8053,689561.0501,352996.7603,1752231.2556,1503243.0892,0.0
000069.SZ,华侨城Ａ,20240613,2.19,2.3514,4.5934,2.35,,,0.3014,0.3158,0.306,0.0,,803775.8053,689561.0501,352996.7603,1760269.0136,1510138.6997,0.0
000069.SZ,华侨城Ａ,20240612,2.31,1.3187,2.576,1.44,,,0.3179,0.3331,0.3227,0.0,,803775.8053,689561.0501,352996.7603,1856722.1102,1592886.0257,0.0
000069.SZ,华侨城Ａ,20240611,2.36,1.0094,1.9718,1.04,,,0.3248,0.3403,0.3297,0.0,,803775.8053,689561.0501,352996.7603,1896910.9005,1627364.0782,0.0
000069.SZ,华侨城Ａ,20240607,2.42,0.9169,1.7912,0.87,,,0.3331,0.3489,0.3381,0.0,,803775.8053,689561.0501,352996.7603,1945137.4488,1668737.7412,0.0
000069.SZ,华侨城Ａ,20240606,2.37,0.9933,1.9404,1.01,,,0.3262,0.3417,0.3311,0.0,,803775.8053,689561.0501,352996.7603,1904948.6586,1634259.6887,0.0
000069.SZ,华侨城Ａ,20240605,2.45,0.7584,1.4815,0.8,,,0.3372,0.3533,0.3423,0.0,,803775.8053,689561.0501,352996.7603,1969250.723,1689424.5727,0.0
000069.SZ,华侨城Ａ,20240604,2.53,0.9076,1.7729,0.98,,,0.3482,0.3648,0.3535,0.0,,803775.8053,689561.0501,352996.7603,2033552.7874,1744589.4568,0.0
000069.SZ,华侨城Ａ,20240603,2.5,1.2756,2.4918,1.43,,,0.3441,0.3605,0.3493,0.0,,803775.8053,689561.0501,352996.7603,2009439.5133,1723902.6253,0.0
000069.SZ,华侨城Ａ,20240531,2.59,1.3274,2.5929,1.64,,,0.3565,0.3735,0.3618,0.0,,803775.8053,689561.0501,352996.7603,2081779.3357,1785963.1198,0.0
000069.SZ,华侨城Ａ,20240530,2.66,0.6256,1.222,0.66,,,0.3661,0.3835,0.3716,0.0,,803775.8053,689561.0501,352996.7603,2138043.6421,1834232.3933,0.0
000069.SZ,华侨城Ａ,20240529,2.72,0.6309,1.2325,0.51,,,0.3744,0.3922,0.38,0.0,,803775.8053,689561.0501,352996.7603,2186270.1904,1875606.0563,0.0
000069.SZ,华侨城Ａ,20240528,2.71,0.7937,1.5504,0.6,,,0.373,0.3908,0.3786,0.0,,803775.8053,689561.0501,352996.7603,2178232.4324,1868710.4458,0.0
000069.SZ,华侨城Ａ,20240527,2.77,1.0824,2.1143,0.67,,,0.3813,0.3994,0.387,0.0,,803775.8053,689561.0501,352996.7603,2226458.9807,1910084.1088,0.0
000069.SZ,华侨城Ａ,20240524,2.82,0.9091,1.7759,0.45,,,0.3881,0.4066,0.394,0.0,,803775.8053,689561.0501,352996.7603,2266647.7709,1944562.1613,0.0
000069.SZ,华侨城Ａ,20240523,2.91,1.2876,2.5152,0.63,,,0.4005,0.4196,0.4065,0.0,,803775.8053,689561.0501,352996.7603,2338987.5934,2006622.6558,0.0
000069.SZ,华侨城Ａ,20240522,3.0,2.1031,4.1083,1.16,,,0.4129,0.4326,0.4191,0.0,,803775.8053,689561.0501,352996.7603,2411327.4159,2068683.1503,0.0
000069.SZ,华侨城Ａ,20240521,2.96,1.2117,2.367,0.72,,,0.4074,0.4268,0.4135,0.0,,803775.8053,689561.0501,352996.7603,2379176.3837,2041100.7083,0.0
000069.SZ,华侨城Ａ,20240520,2.99,2.5494,4.9802,1.93,,,0.4115,0.4311,0.4177,0.0,,803775.8053,689561.0501,352996.7603,2403289.6578,2061787.5398,0.0
000069.SZ,华侨城Ａ,20240517,3.08,3.0118,5.8834,3.27,,,0.4239,0.4441,0.4303,0.0,,803775.8053,689561.0501,352996.7603,2475629.4803,2123848.0343,0.0
000069.SZ,华侨城Ａ,20240516,2.82,1.4015,2.7378,1.81,,,0.3881,0.4066,0.394,0.0,,803775.8053,689561.0501,352996.7603,2266647.7709,1944562.1613,0.0
000069.SZ,华侨城Ａ,20240515,2.73,0.8752,1.7096,1.22,,,0.3758,0.3936,0.3814,0.0,,803775.8053,689561.0501,352996.7603,2194307.9485,1882501.6668,0.0
000069.SZ,华侨城Ａ,20240514,2.72,0.6339,1.2384,0.82,,,0.3744,0.3922,0.38,0.0,,803775.8053,689561.0501,352996.7603,2186270.1904,1875606.0563,0.0
000069.SZ,华侨城Ａ,20240513,2.69,0.6955,1.3587,0.82,,,0.3702,0.3879,0.3758,0.0,,803775.8053,689561.0501,352996.7603,2162156.9163,1854919.2248,0.0
000069.SZ,华侨城Ａ,20240510,2.73,0.9958,1.9453,1.16,,,0.3758,0.3936,0.3814,0.0,,803775.8053,689561.0501,352996.7603,2194307.9485,1882501.6668,0.0
000069.SZ,华侨城Ａ,20240509,2.68,0.6644,1.2979,0.59,,,0.3689,0.3864,0.3744,0.0,,803775.8053,689561.0501,352996.7603,2154119.1582,1848023.6143,0.0
000069.SZ,华侨城Ａ,20240508,2.62,0.5965,1.1653,0.5,,,0.3606,0.3778,0.366,0.0,,803775.8053,689561.0501,352996.7603,2105892.6099,1806649.9513,0.0
000069.SZ,华侨城Ａ,20240507,2.69,0.9146,1.7866,0.82,,,0.3702,0.3879,0.3758,0.0,,803775.8053,689561.0501,352996.7603,2162156.9163,1854919.2248,0.0
000069.SZ,华侨城Ａ,20240506,2.64,1.0462,2.0436,1.04,,,0.3634,0.3807,0.3688,0.0,,803775.8053,689561.0501,352996.7603,2121968.126,1820441.1723,0.0
000069.SZ,华侨城Ａ,20240430,2.64,1.0669,2.084,1.22,,,0.3634,0.3807,0.3688,0.0,,803775.8053,689561.0501,352996.7603,2121968.126,1820441.1723,0.0
000069.SZ,华侨城Ａ,20240429,2.71,2.0439,3.9926,3.54,,,0.3768,0.3908,0.3908,0.0,,803775.8053,689561.0501,352996.7603,2178232.4324,1868710.4458,0.0
000069.SZ,华侨城Ａ,20240426,2.51,0.9082,1.7742,1.77,,,0.349,0.3619,0.3619,0.0,,803775.8053,689561.0501,352996.7603,2017477.2713,1730798.2358,0.0
000069.SZ,华侨城Ａ,20240425,2.42,0.5301,1.0355,1.01,,,0.3365,0.3489,0.3489,0.0,,803775.8053,689561.0501,352996.7603,1945137.4488,1668737.7412,0.0
000069.SZ,华侨城Ａ,20240424,2.39,0.4588,0.8962,0.78,,,0.3323,0.3446,0.3446,0.0,,803775.8053,689561.0501,352996.7603,1921024.1747,1648050.9097,0.0
000069.SZ,华侨城Ａ,20240423,2.4,0.4137,0.8081,0.63,,,0.3337,0.3461,0.3461,0.0,,803775.8053,689561.0501,352996.7603,1929061.9327,1654946.5202,0.0
000069.SZ,华侨城Ａ,20240422,2.42,0.5742,1.1216,0.87,,,0.3365,0.3489,0.3489,0.0,,803775.8053,689561.0501,352996.7603,1945137.4488,1668737.7412,0.0
000069.SZ,华侨城Ａ,20240419,2.4,0.5865,1.1456,0.89,,,0.3337,0.3461,0.3461,0.0,,803775.8053,689561.0501,352996.7603,1929061.9327,1654946.5202,0.0
000069.SZ,华侨城Ａ,20240418,2.45,0.5948,1.1619,0.93,,,0.3406,0.3533,0.3533,0.0,,803775.8053,689561.0501,352996.7603,1969250.723,1689424.5727,0.0
000069.SZ,华侨城Ａ,20240417,2.46,0.7629,1.4902,1.21,,,0.342,0.3547,0.3547,0.0,,803775.8053,689561.0501,352996.7603,1977288.481,1696320.1832,0.0
000069.SZ,华侨城Ａ,20240416,2.42,0.7615,1.4875,1.35,,,0.3365,0.3489,0.3489,0.0,,803775.8053,689561.0501,352996.7603,1945137.4488,1668737.7412,0.0
000069.SZ,华侨城Ａ,20240415,2.5,0.5978,1.1677,1.05,,,0.3476,0.3605,0.3605,0.0,,803775.8053,689561.0501,352996.7603,2009439.5133,1723902.6253,0.0
000069.SZ,华侨城Ａ,20240412,2.53,0.5686,1.1107,1.03,,,0.3518,0.3648,0.3648,0.0,,803775.8053,689561.0501,352996.7603,2033552.7874,1744589.4568,0.0
000069.SZ,华侨城Ａ,20240411,2.58,0.5098,0.9959,0.91,,,0.3587,0.372,0.372,0.0,,803775.8053,689561.0501,352996.7603,2073741.5777,1779067.5093,0.0
000069.SZ,华侨城Ａ,20240410,2.61,0.7116,1.3901,1.31,,,0.3629,0.3763,0.3763,0.0,,803775.8053,689561.0501,352996.7603,2097854.8518,1799754.3408,0.0
000069.SZ,华侨城Ａ,20240409,2.68,0.4251,0.8304,0.72,,,0.3726,0.3864,0.3864,0.0,,803775.8053,689561.0501,352996.7603,2154119.1582,1848023.6143,0.0
000069.SZ,华侨城Ａ,20240408,2.67,0.6219,1.2149,1.12,,,0.3712,0.385,0.385,0.0,,803775.8053,689561.0501,352996.7603,2146081.4002,1841128.0038,0.0
000069.SZ,华侨城Ａ,20240403,2.68,0.4832,0.9438,0.82,,,0.3726,0.3864,0.3864,0.0,,803775.8053,689561.0501,352996.7603,2154119.1582,1848023.6143,0.0
000069.SZ,华侨城Ａ,20240402,2.7,0.5721,1.1176,0.96,,,0.3754,0.3893,0.3893,0.0,,803775.8053,689561.0501,352996.7603,2170194.6743,1861814.8353,0.0
000069.SZ,华侨城Ａ,20240401,2.73,0.6172,1.2057,1.05,,,0.3796,0.3936,0.3936,0.0,,803775.8053,689561.0501,352996.7603,2194307.9485,1882501.6668,0.0
000069.SZ,华侨城Ａ,20240329,2.69,0.6745,1.3181,1.16,,,0.3548,0.2817,0.2728,0.0,,803775.8053,689242.0057,352677.7159,2162156.9163,1854060.9953,0.0
000069.SZ,华侨城Ａ,20240328,2.74,0.4354,0.8509,0.74,,,0.3614,0.2869,0.2779,0.0,,803775.8053,689242.0057,352677.7159,2202345.7065,1888523.0956,0.0
000069.SZ,华侨城Ａ,20240327,2.75,0.6575,1.2849,1.19,,,0.3627,0.2879,0.2789,0.0,,803775.8053,689242.0057,352677.7159,2210383.4646,1895415.5157,0.0
000069.SZ,华侨城Ａ,20240326,2.84,0.6039,1.1801,1.17,,,0.3745,0.2974,0.2881,0.0,,803775.8053,689242.0057,352677.7159,2282723.2871,1957447.2962,0.0
000069.SZ,华侨城Ａ,20240325,2.82,0.5596,1.0936,1.12,,,0.3719,0.2953,0.286,0.0,,803775.8053,689242.0057,352677.7159,2266647.7709,1943662.4561,0.0
000069.SZ,华侨城Ａ,20240322,2.82,0.6432,1.257,1.39,,,0.3719,0.2953,0.286,0.0,,803775.8053,689242.0057,352677.7159,2266647.7709,1943662.4561,0.0
000069.SZ,华侨城Ａ,20240321,2.91,0.4926,0.9626,1.04,,,0.3838,0.3047,0.2952,0.0,,803775.8053,689242.0057,352677.7159,2338987.5934,2005694.2366,0.0
000069.SZ,华侨城Ａ,20240320,2.9,0.4619,0.9026,0.89,,,0.3825,0.3036,0.2941,0.0,,803775.8053,689242.0057,352677.7159,2330949.8354,1998801.8165,0.0
000069.SZ,华侨城Ａ,20240319,2.89,0.4174,0.8157,0.65,,,0.3811,0.3026,0.2931,0.0,,803775.8053,689242.0057,352677.7159,2322912.0773,1991909.3965,0.0
000069.SZ,华侨城Ａ,20240318,2.92,0.4611,0.8816,0.73,,,0.3863,0.312,0.3022,0.0,,820179.3915,705645.5919,369081.3021,2394923.8232,2060485.1283,0.0
000069.SZ,华侨城Ａ,20240315,2.93,0.4604,0.8803,0.74,,,0.3877,0.313,0.3032,0.0,,820179.3915,705645.5919,369081.3021,2403125.6171,2067541.5843,0.0
000069.SZ,华侨城Ａ,20240314,2.93,0.5372,1.027,0.87,,,0.3877,0.313,0.3032,0.0,,820179.3915,705645.5919,369081.3021,2403125.6171,2067541.5843,0.0
000069.SZ,华侨城Ａ,20240313,2.94,0.6705,1.2819,1.16,,,0.389,0.3141,0.3043,0.0,,820179.3915,705645.5919,369081.3021,2411327.411,2074598.0402,0.0
000069.SZ,华侨城Ａ,20240312,3.02,0.9846,1.8825,1.92,,,0.3996,0.3227,0.3126,0.0,,820179.3915,705645.5919,369081.3021,2476941.7623,2131049.6875,0.0
000069.SZ,华侨城Ａ,20240311,2.9,0.5208,0.9958,0.89,,,0.3837,0.3098,0.3001,0.0,,820179.3915,705645.5919,369081.3021,2378520.2354,2046372.2165,0.0
000069.SZ,华侨城Ａ,20240308,2.85,0.3839,0.7339,0.61,,,0.3771,0.3045,0.295,0.0,,820179.3915,705645.5919,369081.3021,2337511.2658,2011089.9369,0.0
000069.SZ,华侨城Ａ,20240307,2.87,0.5384,1.0293,0.84,,,0.3797,0.3066,0.297,0.0,,820179.3915,705645.5919,369081.3021,2353914.8536,2025202.8488,0.0
000069.SZ,华侨城Ａ,20240306,2.9,0.4716,0.9016,0.66,,,0.3837,0.3098,0.3001,0.0,,820179.3915,705645.5919,369081.3021,2378520.2354,2046372.2165,0.0
000069.SZ,华侨城Ａ,20240305,2.91,0.6504,1.2435,0.93,,,0.385,0.3109,0.3012,0.0,,820179.3915,705645.5919,369081.3021,2386722.0293,2053428.6724,0.0
000069.SZ,华侨城Ａ,20240304,2.94,0.8815,1.6853,1.41,,,0.389,0.3141,0.3043,0.0,,820179.3915,705645.5919,369081.3021,2411327.411,2074598.0402,0.0
000069.SZ,华侨城Ａ,20240301,3.03,0.5867,1.1217,0.97,,,0.4009,0.3237,0.3136,0.0,,820179.3915,705645.5919,369081.3021,2485143.5562,2138106.1435,0.0
000069.SZ,华侨城Ａ,20240229,3.07,0.6013,1.1497,1.03,,,0.4062,0.328,0.3177,0.0,,820179.3915,705645.5919,369081.3021,2517950.7319,2166331.9671,0.0
000069.SZ,华侨城Ａ,20240228,3.03,0.8645,1.6528,1.41,,,0.4009,0.3237,0.3136,0.0,,820179.3915,705645.5919,369081.3021,2485143.5562,2138106.1435,0.0
000069.SZ,华侨城Ａ,20240227,3.1,0.5665,1.0831,0.94,,,0.4102,0.3312,0.3208,0.0,,820179.3915,705645.5919,369081.3021,2542556.1137,2187501.3349,0.0
000069.SZ,华侨城Ａ,20240226,3.04,0.5049,0.9653,0.74,,,0.4022,0.3248,0.3146,0.0,,820179.3915,705645.5919,369081.3021,2493345.3502,2145162.5994,0.0
000069.SZ,华侨城Ａ,20240223,3.1,0.502,0.9598,0.64,,,0.4102,0.3312,0.3208,0.0,,820179.3915,705645.5919,369081.3021,2542556.1137,2187501.3349,0.0
000069.SZ,华侨城Ａ,20240222,3.09,0.4769,0.9118,0.54,,,0.4088,0.3301,0.3198,0.0,,820179.3915,705645.5919,369081.3021,2534354.3197,2180444.879,0.0
000069.SZ,华侨城Ａ,20240221,3.11,1.0109,1.9328,1.17,,,0.4115,0.3323,0.3219,0.0,,820179.3915,705645.5919,369081.3021,2550757.9076,2194557.7908,0.0
000069.SZ,华侨城Ａ,20240220,3.0,0.5332,1.0194,0.56,,,0.3969,0.3205,0.3105,0.0,,820179.3915,705645.5919,369081.3021,2460538.1745,2116936.7757,0.0
000069.SZ,华侨城Ａ,20240219,3.0,0.901,1.7226,0.95,,,0.3969,0.3205,0.3105,0.0,,820179.3915,705645.5919,369081.3021,2460538.1745,2116936.7757,0.0
000069.SZ,华侨城Ａ,20240208,3.04,1.0103,1.9316,1.14,,,0.4022,0.3248,0.3146,0.0,,820179.3915,705645.5919,369081.3021,2493345.3502,2145162.5994,0.0
000069.SZ,华侨城Ａ,20240207,2.94,0.9953,1.9029,1.17,,,0.389,0.3141,0.3043,0.0,,820179.3915,705645.5919,369081.3021,2411327.411,2074598.0402,0.0
000069.SZ,华侨城Ａ,20240206,2.83,0.8982,1.7172,1.04,,,0.3744,0.3024,0.2929,0.0,,820179.3915,705645.5919,369081.3021,2321107.6779,1996977.0251,0.0
000069.SZ,华侨城Ａ,20240205,2.69,0.9372,1.7919,1.07,,,0.3559,0.2874,0.2784,0.0,,820179.3915,705645.5919,369081.3021,2206282.5631,1898186.6422,
000069.SZ,华侨城Ａ,20240202,2.84,0.8775,1.6776,0.96,,,0.3758,0.3034,0.2939,0.0,,820179.3915,705645.5919,369081.3021,2329309.4719,2004033.481,0.0
000069.SZ,华侨城Ａ,20240201,2.91,0.7142,1.3655,0.71,,,0.385,0.3109,0.3012,0.0,,820179.3915,705645.5919,369081.3021,2386722.0293,2053428.6724,0.0
000069.SZ,华侨城Ａ,20240131,2.95,0.8288,1.5845,0.83,,,0.3903,0.3152,0.3053,0.0,,820179.3915,705645.5919,369081.3021,2419529.2049,2081654.4961,
000069.SZ,华侨城Ａ,20240130,3.06,0.9455,1.8077,1.02,,,0.4049,0.3269,0.3167,0.0,,820179.3915,705645.5919,369081.3021,2509748.938,2159275.5112,
000069.SZ,华侨城Ａ,20240129,3.11,0.9994,1.9107,1.15,,,0.4115,0.3323,0.3219,0.0,,820179.3915,705645.5919,369081.3021,2550757.9076,2194557.7908,
000069.SZ,华侨城Ａ,20240126,3.15,1.0997,2.1024,1.48,,,0.4168,0.3365,0.326,0.0,,820179.3915,705645.5919,369081.3021,2583565.0832,2222783.6145,
000069.SZ,华侨城Ａ,20240125,3.08,1.1453,2.1898,1.73,,,0.4075,0.3291,0.3188,0.0,,820179.3915,705645.5919,369081.3021,2526152.5258,2173388.4231,0.0
000069.SZ,华侨城Ａ,20240124,2.91,0.7837,1.4983,1.31,,,0.385,0.3109,0.3012,0.0,,820179.3915,705645.5919,369081.3021,2386722.0293,2053428.6724,0.0
000069.SZ,华侨城Ａ,20240123,2.76,0.6189,1.1832,1.12,,,0.3652,0.2949,0.2857,0.0,,820179.3915,705645.5919,369081.3021,2263695.1205,1947581.8336,0.0
000069.SZ,华侨城Ａ,20240122,2.77,0.7108,1.3591,1.48,,,0.3665,0.2959,0.2867,0.0,,820179.3915,705645.5919,369081.3021,2271896.9145,1954638.2896,
000069.SZ,华侨城Ａ,20240119,2.89,0.4682,0.8952,1.0,,,0.3824,0.3088,0.2991,0.0,,820179.3915,705645.5919,369081.3021,2370318.4414,2039315.7606,0.0
000069.SZ,华侨城Ａ,20240118,2.9,0.7236,1.3835,1.78,,,0.3837,0.3098,0.3001,0.0,,820179.3915,705645.5919,369081.3021,2378520.2354,2046372.2165,0.0
000069.SZ,华侨城Ａ,20240117,2.9,0.4642,0.8875,1.12,,,0.3837,0.3098,0.3001,0.0,,820179.3915,705645.5919,369081.3021,2378520.2354,2046372.2165,
000069.SZ,华侨城Ａ,20240116,2.99,0.4055,0.7752,0.83,,,0.3956,0.3195,0.3095,0.0,,820179.3915,705645.5919,369081.3021,2452336.3806,2109880.3198,0.0
000069.SZ,华侨城Ａ,20240115,3.0,0.3467,0.6629,0.62,,,0.3969,0.3205,0.3105,0.0,,820179.3915,705645.5919,369081.3021,2460538.1745,2116936.7757,
000069.SZ,华侨城Ａ,20240112,2.99,0.3904,0.7463,0.63,,,0.3956,0.3195,0.3095,0.0,,820179.3915,705645.5919,369081.3021,2452336.3806,2109880.3198,
000069.SZ,华侨城Ａ,20240111,2.99,0.4262,0.8148,0.6,,,0.3956,0.3195,0.3095,0.0,,820179.3915,705645.5919,369081.3021,2452336.3806,2109880.3198,0.0
000069.SZ,华侨城Ａ,20240110,2.96,0.503,0.9616,0.72,,,0.3916,0.3162,0.3064,0.0,,820179.3915,705645.5919,369081.3021,2427730.9988,2088710.952,
000069.SZ,华侨城Ａ,20240109,2.94,0.7696,1.4714,1.14,,,0.389,0.3141,0.3043,0.0,,820179.3915,705645.5919,369081.3021,2411327.411,2074598.0402,0.0
000069.SZ,华侨城Ａ,20240108,2.86,0.7159,1.3687,1.1,,,0.3784,0.3056,0.296,0.0,,820179.3915,705645.5919,369081.3021,2345713.0597,2018146.3928,0.0
000069.SZ,华侨城Ａ,20240105,2.95,0.6769,1.2941,0.98,,,0.3903,0.3152,0.3053,0.0,,820179.3915,705645.5919,369081.3021,2419529.2049,2081654.4961,
000069.SZ,华侨城Ａ,20240104,2.95,0.8896,1.7008,1.43,,,0.3903,0.3152,0.3053,0.0,,820179.3915,705645.5919,369081.3021,2419529.2049,2081654.4961,
000069.SZ,华侨城Ａ,20240103,3.05,0.4399,0.841,0.69,,,0.4036,0.3259,0.3157,0.0,,820179.3915,705645.5919,369081.3021,2501547.1441,2152219.0553,
000069.SZ,华侨城Ａ,20240102,3.03,0.6552,1.2526,1.09,,,0.4009,0.3237,0.3136,0.0,,820179.3915,705645.5919,369081.3021,2485143.5562,2138106.1435,0.0
