ts_code,name,trade_date,close,turnover_rate,turnover_rate_f,volume_ratio,pe,pe_ttm,pb,ps,ps_ttm,dv_ratio,dv_ttm,total_share,float_share,free_share,total_mv,circ_mv,limit_status
688123.SH,聚辰股份,20251231,125.58,3.0043,3.9385,0.86,68.4732,49.8439,7.9547,19.3291,16.6742,,,15827.1044,15827.1044,12073.2014,1987567.7706,1987567.7706,0
688123.SH,聚辰股份,20251230,127.65,3.0815,4.0397,0.89,69.6019,50.6655,8.0858,19.6477,16.949,,,15827.1044,15827.1044,12073.2014,2020329.8767,2020329.8767,0
688123.SH,聚辰股份,20251229,127.63,3.192,4.1845,0.93,69.591,50.6576,8.0846,19.6446,16.9464,,,15827.1044,15827.1044,12073.2014,2020013.3346,2020013.3346,0
688123.SH,聚辰股份,20251226,129.83,4.356,5.7105,1.32,70.7905,51.5308,8.2239,19.9833,17.2385,,,15827.1044,15827.1044,12073.2014,2054832.9643,2054832.9643,0
688123.SH,聚辰股份,20251225,130.12,3.8044,4.9872,1.2,70.9486,51.6459,8.2423,20.0279,17.277,,,15827.1044,15827.1044,12073.2014,2059422.8245,2059422.8245,0
688123.SH,聚辰股份,20251224,128.1,3.0591,4.0103,1.04,69.8472,50.8442,8.1143,19.717,17.0088,,,15827.1044,15827.1044,12073.2014,2027452.0736,2027452.0736,0
688123.SH,聚辰股份,20251223,126.71,2.9103,3.8152,1.02,69.0893,50.2925,8.0263,19.503,16.8242,,,15827.1044,15827.1044,12073.2014,2005452.3985,2005452.3985,0
688123.SH,聚辰股份,20251222,124.85,3.0361,3.98,,68.0751,49.5542,7.9085,19.2167,16.5772,,,15827.1044,15827.1044,12073.2014,1976013.9843,1976013.9843,0
688123.SH,聚辰股份,20251219,122.5,3.7107,4.8645,1.25,66.7938,48.6215,7.7596,18.855,16.2652,,,15827.1044,15827.1044,12073.2014,1938820.289,1938820.289,0
688123.SH,聚辰股份,20251218,125.79,3.1293,4.1022,1.02,68.5877,49.9273,7.968,19.3614,16.7021,,,15827.1044,15827.1044,12073.2014,1990891.4625,1990891.4625,0
688123.SH,聚辰股份,20251217,126.0,1.9454,2.5502,0.49,68.7022,50.0106,7.9813,19.3937,16.7299,,,15827.1044,15827.1044,12073.2014,1994215.1544,1994215.1544,0
688123.SH,聚辰股份,20251216,122.6,2.4771,3.2473,0.53,66.8483,48.6612,7.7659,18.8704,16.2785,,,15827.1044,15827.1044,12073.2014,1940402.9994,1940402.9994,0
688123.SH,聚辰股份,20251215,125.55,2.843,3.7269,0.58,68.4568,49.832,7.9528,19.3245,16.6702,,,15827.1044,15827.1044,12073.2014,1987092.9574,1987092.9574,0
688123.SH,聚辰股份,20251212,130.0,4.4551,5.8403,1.01,70.8832,51.5983,8.2347,20.0094,17.261,,,15827.1044,15827.1044,12073.2014,2057523.572,2057523.572,0
688123.SH,聚辰股份,20251211,130.03,3.6116,4.7346,0.87,70.8996,51.6102,8.2366,20.014,17.265,,,15827.1044,15827.1044,12073.2014,2057998.3851,2057998.3851,0
688123.SH,聚辰股份,20251210,130.82,6.4646,8.4746,2.01,71.3303,51.9238,8.2866,20.1356,17.3699,,,15827.1044,15827.1044,12073.2014,2070501.7976,2070501.7976,0
688123.SH,聚辰股份,20251209,138.11,5.8033,7.6077,2.25,75.3052,54.8172,8.7484,21.2577,18.3379,,,15827.1044,15827.1044,12073.2014,2185881.3887,2185881.3887,0
688123.SH,聚辰股份,20251208,134.0,4.2966,5.6325,,73.0642,53.1859,8.4881,20.6251,17.7922,,,15827.1044,15827.1044,12073.2014,2120831.9896,2120831.9896,0
688123.SH,聚辰股份,20251205,126.6,1.9113,2.5055,,69.0293,50.2488,8.0193,19.4861,16.8096,,,15827.1044,15827.1044,12073.2014,2003711.417,2003711.417,0
688123.SH,聚辰股份,20251204,128.2,2.3935,3.1377,,69.9017,50.8838,8.1207,19.7324,17.0221,,,15827.1044,15827.1044,12073.2014,2029034.7841,2029034.7841,0
688123.SH,聚辰股份,20251203,127.45,1.7147,2.2479,,69.4928,50.5862,8.0732,19.6169,16.9225,,,15827.1044,15827.1044,12073.2014,2017164.4558,2017164.4558,0
688123.SH,聚辰股份,20251202,129.0,2.5841,3.3875,0.82,70.338,51.2014,8.1713,19.8555,17.1283,,,15827.1044,15827.1044,12073.2014,2041696.4676,2041696.4676,0
688123.SH,聚辰股份,20251201,132.5,4.9669,6.5113,1.79,72.2463,52.5906,8.393,20.3942,17.593,,,15827.1044,15827.1044,12073.2014,2097091.333,2097091.333,0
688123.SH,聚辰股份,20251128,132.73,2.4666,3.2335,0.81,72.3718,52.6818,8.4076,20.4296,17.6235,,,15827.1044,15827.1044,12073.2014,2100731.567,2100731.567,0
688123.SH,聚辰股份,20251127,130.44,2.353,3.0847,0.73,71.1231,51.7729,8.2626,20.0771,17.3195,,,15827.1044,15827.1044,12073.2014,2064487.4979,2064487.4979,0
688123.SH,聚辰股份,20251126,132.45,2.5226,3.3069,0.71,72.2191,52.5707,8.3899,20.3865,17.5864,,,15827.1044,15827.1044,12073.2014,2096299.9778,2096299.9778,0
688123.SH,聚辰股份,20251125,132.18,3.364,4.41,0.93,72.0719,52.4635,8.3728,20.345,17.5505,,,15827.1044,15827.1044,12073.2014,2092026.6596,2092026.6596,0
688123.SH,聚辰股份,20251124,130.63,3.1945,4.1877,0.87,71.2267,51.8483,8.2746,20.1064,17.3447,,,15827.1044,15827.1044,12073.2014,2067494.6478,2067494.6478,0
688123.SH,聚辰股份,20251121,127.01,3.7557,4.9235,0.89,69.2529,50.4115,8.0453,19.5492,16.864,,,15827.1044,15827.1044,12073.2014,2010200.5298,2010200.5298,0
688123.SH,聚辰股份,20251120,135.71,3.2313,4.236,0.69,73.9966,53.8646,8.5964,20.8883,18.0192,,,15827.1044,15827.1044,12073.2014,2147896.3381,2147896.3381,0
688123.SH,聚辰股份,20251119,137.3,4.1523,5.4433,0.91,74.8636,54.4957,8.6971,21.133,18.2303,,,15827.1044,15827.1044,12073.2014,2173061.4341,2173061.4341,0
688123.SH,聚辰股份,20251118,141.36,3.7772,4.9516,0.8,77.0773,56.1072,8.9543,21.7579,18.7694,,,15827.1044,15827.1044,12073.2014,2237319.478,2237319.478,0
688123.SH,聚辰股份,20251117,144.8,3.338,4.3759,0.68,78.953,57.4726,9.1722,22.2874,19.2262,,,15827.1044,15827.1044,12073.2014,2291764.7171,2291764.7171,0
688123.SH,聚辰股份,20251114,142.72,6.6014,8.654,1.56,77.8189,56.647,9.0404,21.9673,18.95,,,15827.1044,15827.1044,12073.2014,2258844.34,2258844.34,0
688123.SH,聚辰股份,20251113,158.41,5.4947,7.2032,1.41,86.3739,62.8745,10.0343,24.3822,21.0333,,,15827.1044,15827.1044,12073.2014,2507171.608,2507171.608,0
688123.SH,聚辰股份,20251112,149.17,3.639,4.7704,0.91,81.3358,59.207,9.449,22.96,19.8064,,,15827.1044,15827.1044,12073.2014,2360929.1633,2360929.1633,0
688123.SH,聚辰股份,20251111,146.87,4.665,6.1155,1.16,80.0817,58.2942,9.3033,22.606,19.501,,,15827.1044,15827.1044,12073.2014,2324526.8232,2324526.8232,0
688123.SH,聚辰股份,20251110,153.8,4.1519,5.4428,0.98,83.8603,61.0447,9.7423,23.6727,20.4211,,,15827.1044,15827.1044,12073.2014,2434208.6567,2434208.6567,0
688123.SH,聚辰股份,20251107,154.0,3.2263,4.2294,0.63,83.9693,61.1241,9.7549,23.7035,20.4477,,,15827.1044,15827.1044,12073.2014,2437374.0776,2437374.0776,0
688123.SH,聚辰股份,20251106,158.08,3.8627,5.0638,0.64,86.194,62.7435,10.0134,24.3315,20.9894,,,15827.1044,15827.1044,12073.2014,2501948.6636,2501948.6636,0
688123.SH,聚辰股份,20251105,154.01,4.0807,5.3495,0.63,83.9748,61.1281,9.7556,23.705,20.449,,,15827.1044,15827.1044,12073.2014,2437532.3486,2437532.3486,0
688123.SH,聚辰股份,20251104,157.2,4.8523,6.361,0.65,85.7142,62.3942,9.9576,24.196,20.8726,,,15827.1044,15827.1044,12073.2014,2488020.8117,2488020.8117,0
688123.SH,聚辰股份,20251103,164.68,5.2101,6.83,0.61,89.7927,65.3631,10.4314,25.3473,21.8658,,,15827.1044,15827.1044,12073.2014,2606407.5526,2606407.5526,0
688123.SH,聚辰股份,20251031,166.0,7.4901,9.819,0.83,90.5124,65.887,10.5151,25.5505,22.041,,,15827.1044,15827.1044,12073.2014,2627299.3304,2627299.3304,0
688123.SH,聚辰股份,20251030,173.6,8.7002,11.4053,1.05,94.6563,68.9036,10.9965,26.7203,23.0501,,,15827.1044,15827.1044,12073.2014,2747585.3238,2747585.3238,0
688123.SH,聚辰股份,20251029,166.8,5.95,7.8001,0.72,90.9486,66.2046,10.5657,25.6736,22.1473,,,15827.1044,15827.1044,12073.2014,2639961.0139,2639961.0139,0
688123.SH,聚辰股份,20251028,162.4,9.9819,13.0856,1.26,88.5495,72.9253,10.8017,24.9964,23.6144,,,15827.1044,15827.1044,12073.2014,2570321.7546,2570321.7546,0
688123.SH,聚辰股份,20251027,176.54,10.6566,13.9701,1.46,96.2594,79.2748,11.7422,27.1728,25.6705,,,15827.1044,15827.1044,12073.2014,2794117.0108,2794117.0108,0
688123.SH,聚辰股份,20251024,164.33,9.6133,12.6023,1.38,89.6018,73.7919,10.9301,25.2934,23.8951,,,15827.1044,15827.1044,12073.2014,2600868.0661,2600868.0661,0
688123.SH,聚辰股份,20251023,151.68,5.3046,6.954,0.7,82.7043,68.1115,10.0887,23.3464,22.0556,,,15827.1044,15827.1044,12073.2014,2400655.1954,2400655.1954,0
688123.SH,聚辰股份,20251022,153.24,5.6372,7.5163,0.72,83.5549,68.812,10.1925,23.5865,22.2825,,,15827.1044,15827.1044,11870.3389,2425345.4783,2425345.4783,0
688123.SH,聚辰股份,20251021,155.94,8.452,11.2693,1.0,85.0271,70.0244,10.3721,24.0021,22.6751,,,15827.1044,15827.1044,11870.3389,2468078.6601,2468078.6601,0
688123.SH,聚辰股份,20251020,144.91,7.6055,10.1407,0.84,79.013,65.0714,9.6384,22.3043,21.0712,,,15827.1044,15827.1044,11870.3389,2293505.6986,2293505.6986,0
688123.SH,聚辰股份,20251017,144.8,7.7497,10.3329,0.78,78.953,65.022,9.6311,22.2874,21.0552,,,15827.1044,15827.1044,11870.3389,2291764.7171,2291764.7171,0
688123.SH,聚辰股份,20251016,152.99,8.2238,10.965,0.77,83.4186,68.6997,10.1759,23.548,22.2461,,,15827.1044,15827.1044,11870.3389,2421388.7022,2421388.7022,0
688123.SH,聚辰股份,20251015,146.33,7.2782,9.7042,0.66,79.7872,65.7091,9.7329,22.5229,21.2777,,,15827.1044,15827.1044,11870.3389,2315980.1869,2315980.1869,0
688123.SH,聚辰股份,20251014,145.06,11.3778,15.443,1.05,79.0948,65.1388,9.6484,22.3274,21.093,,,15827.1044,15827.1044,11660.7889,2295879.7643,2295879.7643,0
688123.SH,聚辰股份,20251013,143.2,10.9085,14.8061,0.95,78.0806,64.3036,9.5247,22.0411,20.8226,,,15827.1044,15827.1044,11660.7889,2266441.3501,2266441.3501,0
688123.SH,聚辰股份,20251010,140.6,11.6352,15.7924,1.01,76.6629,63.136,9.3518,21.641,20.4445,,,15827.1044,15827.1044,11660.7889,2225290.8786,2225290.8786,0
688123.SH,聚辰股份,20251009,153.03,12.5077,16.9766,1.07,83.4404,68.7177,10.1785,23.5542,22.2519,,,15827.1044,15827.1044,11660.7889,2422021.7863,2422021.7863,0
688123.SH,聚辰股份,20250930,162.47,8.8941,12.0719,0.7,88.5877,72.9567,10.8064,25.0072,23.6246,,,15827.1044,15827.1044,11660.7889,2571429.6519,2571429.6519,0
688123.SH,聚辰股份,20250929,147.07,10.0867,13.6906,0.77,80.1907,66.0414,9.7821,22.6368,21.3853,,,15827.1044,15827.1044,11660.7889,2327692.2441,2327692.2441,0
688123.SH,聚辰股份,20250926,142.07,14.3306,19.4508,1.22,77.4644,63.7961,9.4495,21.8672,20.6583,,,15827.1044,15827.1044,11660.7889,2248556.7221,2248556.7221,0
688123.SH,聚辰股份,20250925,131.96,11.7055,15.8878,1.08,71.9519,59.2563,8.7771,20.3111,19.1882,,,15827.1044,15827.1044,11660.7889,2088544.6966,2088544.6966,0
688123.SH,聚辰股份,20250924,128.31,13.3959,18.1822,1.44,69.9617,57.6172,8.5343,19.7493,18.6574,,,15827.1044,15827.1044,11660.7889,2030775.7656,2030775.7656,0
688123.SH,聚辰股份,20250923,120.0,14.1722,19.2359,1.77,65.4307,53.8857,7.9816,18.4702,17.4491,,,15827.1044,15827.1044,11660.7889,1899252.528,1899252.528,0
688123.SH,聚辰股份,20250922,107.89,11.6757,15.8474,1.69,58.8276,48.4477,7.1761,16.6063,15.6882,,,15827.1044,15827.1044,11660.7889,1707586.2937,1707586.2937,0
688123.SH,聚辰股份,20250919,93.53,8.0152,10.879,1.16,50.9977,41.9994,6.221,14.396,13.6001,,,15827.1044,15827.1044,11660.7889,1480309.0745,1480309.0745,0
688123.SH,聚辰股份,20250918,91.0,6.9537,9.4382,1.05,49.6182,40.8633,6.0527,14.0066,13.2322,,,15827.1044,15827.1044,11660.7889,1440266.5004,1440266.5004,0
688123.SH,聚辰股份,20250917,94.0,5.8285,7.911,0.96,51.254,42.2104,6.2522,14.4683,13.6684,,,15827.1044,15827.1044,11660.7889,1487747.8136,1487747.8136,0
688123.SH,聚辰股份,20250916,93.0,7.6725,10.4138,1.53,50.7088,41.7614,6.1857,14.3144,13.523,,,15827.1044,15827.1044,11660.7889,1471920.7092,1471920.7092,0
688123.SH,聚辰股份,20250915,87.45,6.0642,8.2309,1.38,47.6826,39.2692,5.8166,13.4602,12.716,,,15827.1044,15827.1044,11660.7889,1384080.2798,1384080.2798,0
688123.SH,聚辰股份,20250912,88.0,8.1107,11.0124,2.36,47.9825,39.5161,5.8594,13.5448,12.796,,,15827.1044,15811.5819,11645.2664,1392785.1872,1391419.2072,0
688123.SH,聚辰股份,20250911,82.44,5.5845,7.5824,1.76,44.9509,37.0194,5.4892,12.6891,11.9875,,,15827.1044,15811.5819,11645.2664,1304786.4867,1303506.8118,0
688123.SH,聚辰股份,20250910,81.7,2.7853,3.7817,0.81,44.5037,36.6512,5.4346,12.5628,11.8683,,,15811.5819,15811.5819,11645.2664,1291806.2412,1291806.2412,0
688123.SH,聚辰股份,20250909,80.31,2.4793,3.3663,0.61,43.7465,36.0276,5.3421,12.3491,11.6663,,,15811.5819,15811.5819,11645.2664,1269828.1424,1269828.1424,0
688123.SH,聚辰股份,20250908,82.68,3.069,4.167,0.69,45.0375,37.0908,5.4998,12.7135,12.0106,,,15811.5819,15811.5819,11645.2664,1307301.5915,1307301.5915,0
688123.SH,聚辰股份,20250905,82.64,3.2549,4.4194,0.7,45.0157,37.0729,5.4971,12.7074,12.0048,,,15811.5819,15811.5819,11645.2664,1306669.1282,1306669.1282,0
688123.SH,聚辰股份,20250904,79.43,4.2351,5.7503,0.84,43.2672,35.6328,5.2836,12.2138,11.5385,,,15811.5819,15811.5819,11645.2664,1255913.9503,1255913.9503,0
688123.SH,聚辰股份,20250903,83.84,4.1725,5.6654,0.73,45.6694,37.6112,5.5769,12.8919,12.1791,,,15811.5819,15811.5819,11645.2664,1325643.0265,1325643.0265,0
688123.SH,聚辰股份,20250902,86.39,5.4989,7.4662,1.01,47.0584,38.7551,5.7466,13.284,12.5496,,,15811.5819,15811.5819,11645.2664,1365962.5603,1365962.5603,0
688123.SH,聚辰股份,20250901,90.01,5.1039,6.93,0.9,49.0303,40.3791,5.9874,13.8406,13.0754,,,15811.5819,15811.5819,11645.2664,1423200.4868,1423200.4868,0
688123.SH,聚辰股份,20250829,88.83,4.1272,5.6037,0.67,48.3875,39.8497,5.9089,13.6592,12.904,,,15811.5819,15811.5819,11645.2664,1404542.8202,1404542.8202,0
688123.SH,聚辰股份,20250828,89.49,6.3864,8.6712,1.03,48.7471,40.1458,5.9528,13.7607,12.9999,,,15811.5819,15811.5819,11645.2664,1414978.4642,1414978.4642,0
688123.SH,聚辰股份,20250827,86.1,7.6353,10.367,1.38,46.9005,38.625,5.7273,13.2394,12.5074,,,15811.5819,15811.5819,11645.2664,1361377.2016,1361377.2016,0
688123.SH,聚辰股份,20250826,84.08,3.888,5.279,0.72,45.8001,37.7189,5.5929,12.9288,12.214,,,15811.5819,15811.5819,11645.2664,1329437.8062,1329437.8062,0
688123.SH,聚辰股份,20250825,83.74,6.3089,8.566,1.25,45.6149,37.5663,5.5703,12.8765,12.1646,,,15811.5819,15811.5819,11645.2664,1324061.8683,1324061.8683,0
688123.SH,聚辰股份,20250822,83.28,6.4854,8.8057,1.39,45.3643,38.8823,5.8083,12.8058,12.6357,,,15811.5819,15811.5819,11645.2664,1316788.5406,1316788.5406,0
688123.SH,聚辰股份,20250821,80.3,6.5866,8.9431,1.51,43.7411,37.491,5.6004,12.3475,12.1835,,,15811.5819,15811.5819,11645.2664,1269670.0266,1269670.0266,0
688123.SH,聚辰股份,20250820,78.5,4.3864,5.9557,1.02,42.7606,36.6506,5.4749,12.0708,11.9104,,,15811.5819,15811.5819,11645.2664,1241209.1792,1241209.1792,0
688123.SH,聚辰股份,20250819,77.56,3.1753,4.3113,0.72,42.2485,36.2117,5.4093,11.9262,11.7678,,,15811.5819,15811.5819,11645.2664,1226346.2922,1226346.2922,0
688123.SH,聚辰股份,20250818,78.58,4.6656,6.3348,1.17,42.8042,36.688,5.4805,12.0831,11.9226,,,15811.5819,15811.5819,11645.2664,1242474.1057,1242474.1057,0
688123.SH,聚辰股份,20250815,77.1,4.4866,6.0918,1.18,41.998,35.997,5.3772,11.8555,11.698,,,15811.5819,15811.5819,11645.2664,1219072.9645,1219072.9645,0
688123.SH,聚辰股份,20250814,74.54,5.1594,7.0053,1.56,40.6035,34.8018,5.1987,11.4618,11.3096,,,15811.5819,15811.5819,11645.2664,1178595.3148,1178595.3148,0
688123.SH,聚辰股份,20250813,75.83,4.0199,5.4582,1.36,41.3062,35.404,5.2887,11.6602,11.5053,,,15811.5819,15811.5819,11645.2664,1198992.2555,1198992.2555,0
688123.SH,聚辰股份,20250812,74.54,3.7774,5.1288,1.4,40.6035,34.8018,5.1987,11.4618,11.3096,,,15811.5819,15811.5819,11645.2664,1178595.3148,1178595.3148,0
688123.SH,聚辰股份,20250811,73.38,2.5396,3.4482,0.95,39.9716,34.2602,5.1178,11.2835,11.1336,,,15811.5819,15811.5819,11645.2664,1160253.8798,1160253.8798,0
688123.SH,聚辰股份,20250808,72.53,3.5683,4.8449,1.36,39.5086,33.8633,5.0585,11.1528,11.0046,,,15811.5819,15811.5819,11645.2664,1146814.0352,1146814.0352,0
688123.SH,聚辰股份,20250807,75.26,2.6244,3.5634,0.94,40.9957,35.1379,5.2489,11.5726,11.4188,,,15811.5819,15811.5819,11645.2664,1189979.6538,1189979.6538,0
688123.SH,聚辰股份,20250806,75.42,2.2422,3.0444,0.76,41.0828,35.2126,5.2601,11.5972,11.4431,,,15811.5819,15811.5819,11645.2664,1192509.5069,1192509.5069,0
688123.SH,聚辰股份,20250805,74.31,2.5549,3.4689,0.75,40.4782,34.6944,5.1827,11.4265,11.2747,,,15811.5819,15811.5819,11645.2664,1174958.651,1174958.651,0
688123.SH,聚辰股份,20250804,73.45,2.4188,3.2842,0.66,40.0097,34.2928,5.1227,11.2942,11.1442,,,15811.5819,15811.5819,11645.2664,1161360.6906,1161360.6906,0
688123.SH,聚辰股份,20250801,73.02,3.2423,4.4023,0.91,39.7755,34.0921,5.0927,11.2281,11.079,,,15811.5819,15811.5819,11645.2664,1154561.7103,1154561.7103,0
688123.SH,聚辰股份,20250731,74.33,3.4752,4.7185,0.99,40.4891,34.7037,5.1841,11.4295,11.2777,,,15811.5819,15811.5819,11645.2664,1175274.8826,1175274.8826,0
688123.SH,聚辰股份,20250730,75.6,3.0215,4.1025,0.84,41.1809,35.2967,5.2726,11.6248,11.4704,,,15811.5819,15811.5819,11645.2664,1195355.5916,1195355.5916,0
688123.SH,聚辰股份,20250729,75.98,4.87,6.6123,1.48,41.3879,35.4741,5.2991,11.6833,11.5281,,,15811.5819,15811.5819,11645.2664,1201363.9928,1201363.9928,0
688123.SH,聚辰股份,20250728,74.0,3.7482,5.0892,1.28,40.3093,34.5496,5.161,11.3788,11.2277,,,15811.5819,15811.5819,11645.2664,1170057.0606,1170057.0606,0
688123.SH,聚辰股份,20250725,75.48,2.6498,3.5979,0.85,41.1155,35.2406,5.2643,11.6064,11.4522,,,15811.5819,15811.5819,11645.2664,1193458.2018,1193458.2018,0
688123.SH,聚辰股份,20250724,74.62,3.3145,4.5003,1.14,40.6471,34.8391,5.2043,11.4741,11.3217,,,15811.5819,15811.5819,11645.2664,1179860.2414,1179860.2414,0
688123.SH,聚辰股份,20250723,74.4,3.4653,4.705,1.33,40.5272,34.7364,5.1889,11.4403,11.2883,,,15811.5819,15811.5819,11645.2664,1176381.6934,1176381.6934,0
688123.SH,聚辰股份,20250722,75.99,3.288,4.4643,1.45,41.3933,35.4787,5.2998,11.6848,11.5296,,,15811.5819,15811.5819,11645.2664,1201522.1086,1201522.1086,0
688123.SH,聚辰股份,20250721,77.46,1.9351,2.6274,0.92,42.1941,36.1651,5.4024,11.9108,11.7526,,,15811.5819,15811.5819,11645.2664,1224765.134,1224765.134,0
688123.SH,聚辰股份,20250718,77.6,3.6481,4.9532,2.1,42.2703,36.2304,5.4121,11.9324,11.7739,,,15811.5819,15811.5819,11645.2664,1226978.7554,1226978.7554,0
688123.SH,聚辰股份,20250717,81.11,2.2239,3.0196,1.4,44.1823,37.8692,5.6569,12.4721,12.3064,,,15811.5819,15811.5819,11645.2664,1282477.4079,1282477.4079,0
688123.SH,聚辰股份,20250716,79.06,1.9192,2.6058,1.36,43.0656,36.9121,5.5139,12.1569,11.9954,,,15811.5819,15811.5819,11645.2664,1250063.665,1250063.665,0
688123.SH,聚辰股份,20250715,78.78,1.6349,2.2198,1.12,42.9131,36.7814,5.4944,12.1138,11.9529,,,15811.5819,15811.5819,11645.2664,1245636.4221,1245636.4221,0
688123.SH,聚辰股份,20250714,79.8,1.1446,1.5541,0.77,43.4687,37.2576,5.5656,12.2707,12.1077,,,15811.5819,15811.5819,11645.2664,1261764.2356,1261764.2356,0
688123.SH,聚辰股份,20250711,80.4,1.751,2.3774,1.17,43.7955,37.5377,5.6074,12.3629,12.1987,,,15811.5819,15811.5819,11645.2664,1271251.1848,1271251.1848,0
688123.SH,聚辰股份,20250710,78.98,1.5038,2.0419,0.87,43.022,36.8747,5.5084,12.1446,11.9832,,,15811.5819,15811.5819,11645.2664,1248798.7385,1248798.7385,0
688123.SH,聚辰股份,20250709,78.18,1.0457,1.4199,0.52,42.5863,36.5012,5.4526,12.0216,11.8619,,,15811.5819,15811.5819,11645.2664,1236149.4729,1236149.4729,0
688123.SH,聚辰股份,20250708,79.43,1.8272,2.4809,0.84,43.2672,37.0848,5.5397,12.2138,12.0515,,,15811.5819,15811.5819,11645.2664,1255913.9503,1255913.9503,0
688123.SH,聚辰股份,20250707,77.27,1.3285,1.8038,0.59,42.0906,36.0764,5.3891,11.8816,11.7238,,,15811.5819,15811.5819,11645.2664,1221760.9334,1221760.9334,0
688123.SH,聚辰股份,20250704,78.39,1.7595,2.389,0.8,42.7007,36.5993,5.4672,12.0538,11.8937,,,15811.5819,15811.5819,11645.2664,1239469.9051,1239469.9051,0
688123.SH,聚辰股份,20250703,78.48,2.6531,3.6023,1.31,42.7497,36.6413,5.4735,12.0677,11.9074,,,15811.5819,15811.5819,11645.2664,1240892.9475,1240892.9475,0
688123.SH,聚辰股份,20250702,81.14,2.559,3.4745,1.3,44.1986,37.8832,5.659,12.4767,12.311,,,15811.5819,15811.5819,11645.2664,1282951.7554,1282951.7554,0
688123.SH,聚辰股份,20250701,80.99,2.5309,3.4364,1.33,44.1169,37.8132,5.6485,12.4536,12.2882,,,15811.5819,15811.5819,11645.2664,1280580.0181,1280580.0181,0
688123.SH,聚辰股份,20250630,80.99,1.7751,2.4102,0.9,44.1169,37.8132,5.6485,12.4536,12.2882,,,15811.5819,15811.5819,11645.2664,1280580.0181,1280580.0181,0
688123.SH,聚辰股份,20250627,80.02,1.5195,2.0631,0.74,43.5885,37.3603,5.5809,12.3045,12.141,,,15811.5819,15811.5819,11645.2664,1265242.7836,1265242.7836,0
688123.SH,聚辰股份,20250626,79.81,1.7785,2.4148,0.75,43.4742,37.2622,5.5662,12.2722,12.1092,,,15811.5819,15811.5819,11645.2664,1261922.3514,1261922.3514,0
688123.SH,聚辰股份,20250625,81.3,2.2723,3.0853,0.8,44.2858,37.9579,5.6702,12.5013,12.3352,,,15811.5819,15811.5819,11645.2664,1285481.6085,1285481.6085,0
688123.SH,聚辰股份,20250624,81.28,2.2009,2.9884,0.83,44.2749,37.9486,5.6688,12.4982,12.3322,,,15811.5819,15811.5819,11645.2664,1285165.3768,1285165.3768,0
688123.SH,聚辰股份,20250623,79.42,2.0578,2.7941,0.84,43.2617,37.0802,5.539,12.2122,12.05,,,15811.5819,15811.5819,11645.2664,1255755.8345,1255755.8345,0
688123.SH,聚辰股份,20250620,79.95,1.9549,2.6543,0.79,43.5504,37.3276,5.576,12.2937,12.1304,,,15811.5819,15811.5819,11645.2664,1264135.9729,1264135.9729,0
688123.SH,聚辰股份,20250619,80.99,3.4313,4.6589,1.69,44.1169,37.8132,5.6485,12.4536,12.2882,,,15811.5819,15811.5819,11645.2664,1280580.0181,1280580.0181,0
688123.SH,聚辰股份,20250618,80.03,4.5045,6.1161,3.3,43.594,37.365,5.5816,12.306,12.1426,,,15811.5819,15811.5819,11645.2664,1265400.8995,1265400.8995,0
688123.SH,聚辰股份,20250617,73.52,1.2871,1.7476,0.94,40.0479,34.3255,5.1276,11.305,11.1548,,,15811.5819,15811.5819,11645.2664,1162467.5013,1162467.5013,0
688123.SH,聚辰股份,20250616,73.87,1.1079,1.5042,0.78,40.2385,34.4889,5.152,11.3588,11.2079,,,15811.5819,15811.5819,11645.2664,1168001.555,1168001.555,0
688123.SH,聚辰股份,20250613,74.0,1.9999,2.7154,1.43,40.3093,34.5496,5.161,11.3788,11.2277,,,15811.5819,15811.5819,11645.2664,1170057.0606,1170057.0606,0
688123.SH,聚辰股份,20250612,74.28,1.268,1.7217,0.88,40.4619,34.6804,5.1806,11.4219,11.2701,,,15811.5819,15811.5819,11645.2664,1174484.3035,1174484.3035,0
688123.SH,聚辰股份,20250611,75.04,1.155,1.5682,0.79,40.8758,35.0352,5.2336,11.5387,11.3854,,,15811.5819,15811.5819,11645.2664,1186501.1058,1186501.1058,0
688123.SH,聚辰股份,20250610,75.51,1.2905,1.7522,0.86,41.1319,35.2546,5.2663,11.611,11.4568,,,15811.5819,15811.5819,11645.2664,1193932.5493,1193932.5493,0
688123.SH,聚辰股份,20250609,76.88,1.3968,1.8965,0.98,41.8781,35.8943,5.3619,11.8217,11.6646,,,15811.5819,15811.5819,11645.2664,1215594.4165,1215594.4165,0
688123.SH,聚辰股份,20250606,77.15,1.8631,2.5297,1.33,42.0252,36.0203,5.3807,11.8632,11.7056,,,15811.5819,15811.5819,11645.2664,1219863.5436,1219863.5436,0
688123.SH,聚辰股份,20250605,75.9,1.5217,2.0661,1.08,41.3443,35.4367,5.2935,11.671,11.5159,,,15811.5819,15811.5819,11645.2664,1200099.0662,1200099.0662,0
688123.SH,聚辰股份,20250604,73.52,1.2324,1.6733,0.73,40.0479,34.3255,5.1276,11.305,11.1548,,,15811.5819,15811.5819,11645.2664,1162467.5013,1162467.5013,0
688123.SH,聚辰股份,20250603,73.77,1.5134,2.2782,0.98,40.184,34.4422,5.145,11.3434,11.1928,,,15811.5819,15811.5819,10503.1758,1166420.3968,1166420.3968,0
688123.SH,聚辰股份,20250530,72.32,1.0145,1.5272,0.64,39.3942,33.7653,5.0439,11.1205,10.9728,,,15811.5819,15811.5819,10503.1758,1143493.603,1143493.603,0
688123.SH,聚辰股份,20250529,72.71,1.7228,2.5936,1.19,39.6066,33.9473,5.0711,11.1804,11.0319,,,15811.5819,15811.5819,10503.1758,1149660.1199,1149660.1199,0
688123.SH,聚辰股份,20250528,70.7,1.5737,2.369,1.12,38.5118,33.0089,4.9309,10.8714,10.727,,,15811.5819,15811.5819,10503.1758,1117878.8403,1117878.8403,0
688123.SH,聚辰股份,20250527,70.69,2.5814,3.8861,2.14,38.5063,33.0042,4.9302,10.8698,10.7254,,,15811.5819,15811.5819,10503.1758,1117720.7245,1117720.7245,0
688123.SH,聚辰股份,20250526,74.11,0.8665,1.3044,0.61,40.3692,34.601,5.1687,11.3957,11.2443,,,15811.5819,15811.5819,10503.1758,1171796.3346,1171796.3346,0
688123.SH,聚辰股份,20250523,73.35,1.205,1.814,0.74,39.9553,34.2462,5.1157,11.2789,11.129,,,15811.5819,15811.5819,10503.1758,1159779.5324,1159779.5324,0
688123.SH,聚辰股份,20250522,74.93,1.0404,1.5662,0.6,40.8159,34.9838,5.2259,11.5218,11.3688,,,15811.5819,15811.5819,10503.1758,1184761.8318,1184761.8318,0
688123.SH,聚辰股份,20250521,75.86,1.3583,2.0448,0.75,41.3225,35.418,5.2908,11.6648,11.5099,,,15811.5819,15811.5819,10503.1758,1199466.6029,1199466.6029,0
688123.SH,聚辰股份,20250520,76.87,1.5721,2.3667,0.8,41.8727,35.8896,5.3612,11.8201,11.6631,,,15811.5819,15811.5819,10503.1758,1215436.3007,1215436.3007,0
688123.SH,聚辰股份,20250519,76.62,1.9796,2.9801,1.02,41.7365,35.7729,5.3438,11.7817,11.6252,,,15811.5819,15811.5819,10503.1758,1211483.4052,1211483.4052,0
688123.SH,聚辰股份,20250516,75.49,2.1857,3.2904,1.17,41.121,35.2453,5.265,11.6079,11.4537,,,15811.5819,15811.5819,10503.1758,1193616.3176,1193616.3176,0
688123.SH,聚辰股份,20250515,74.99,1.504,2.2642,0.72,40.8486,35.0119,5.2301,11.531,11.3779,,,15811.5819,15811.5819,10503.1758,1185710.5267,1185710.5267,0
688123.SH,聚辰股份,20250514,75.7,1.8068,2.7199,0.79,41.2354,35.3433,5.2796,11.6402,11.4856,,,15811.5819,15811.5819,10503.1758,1196936.7498,1196936.7498,0
688123.SH,聚辰股份,20250513,75.0,2.3202,3.4928,0.93,40.8541,35.0165,5.2308,11.5326,11.3794,,,15811.5819,15811.5819,10503.1758,1185868.6425,1185868.6425,0
688123.SH,聚辰股份,20250512,76.51,1.9092,2.8741,0.71,41.6766,35.7215,5.3361,11.7648,11.6085,,,15811.5819,15811.5819,10503.1758,1209744.1312,1209744.1312,0
688123.SH,聚辰股份,20250509,75.85,1.8038,2.7155,0.61,41.3171,35.4134,5.2901,11.6633,11.5083,,,15811.5819,15811.5819,10503.1758,1199308.4871,1199308.4871,0
688123.SH,聚辰股份,20250508,76.36,2.6532,3.9941,0.86,41.5949,35.6515,5.3256,11.7417,11.5857,,,15811.5819,15811.5819,10503.1758,1207372.3939,1207372.3939,0
688123.SH,聚辰股份,20250507,75.6,2.7727,4.1741,0.93,41.1809,35.2967,5.2726,11.6248,11.4704,,,15811.5819,15811.5819,10503.1758,1195355.5916,1195355.5916,0
688123.SH,聚辰股份,20250506,74.91,3.3273,5.0089,1.08,40.805,34.9745,5.2245,11.5187,11.3657,,,15811.5819,15811.5819,10503.1758,1184445.6001,1184445.6001,0
688123.SH,聚辰股份,20250430,72.58,2.8991,4.3644,1.0,39.5358,33.8867,5.062,11.1605,11.0122,,,15811.5819,15811.5819,10503.1758,1147604.6143,1147604.6143,0
688123.SH,聚辰股份,20250429,71.61,3.0703,4.622,1.2,39.0074,33.4338,4.892,11.0113,10.865,,,15811.5819,15811.5819,10503.1758,1132267.3799,1132267.3799,0
688123.SH,聚辰股份,20250428,70.57,3.344,5.0341,1.54,38.4409,32.9482,4.8209,10.8514,10.7072,,,15811.5819,15811.5819,10503.1758,1115823.3347,1115823.3347,0
688123.SH,聚辰股份,20250425,68.5,2.2872,3.1924,1.14,37.3134,37.3134,4.8975,10.5331,10.5331,,,15811.5819,15811.5819,11327.9993,1083093.3602,1083093.3602,0
688123.SH,聚辰股份,20250424,67.2,3.7328,5.2102,2.09,36.6052,36.6052,4.8046,10.3332,10.3332,,,15811.5819,15811.5819,11327.9993,1062538.3037,1062538.3037,0
688123.SH,聚辰股份,20250423,70.61,2.0057,2.7995,0.9,38.4627,38.4627,5.0484,10.8575,10.8575,,,15811.5819,15811.5819,11327.9993,1116455.798,1116455.798,0
688123.SH,聚辰股份,20250422,69.48,1.413,1.9722,0.63,37.8472,37.8472,4.9676,10.6838,10.6838,,,15811.5819,15811.5819,11327.9993,1098588.7104,1098588.7104,0
688123.SH,聚辰股份,20250421,70.43,1.4306,1.9969,0.6,38.3647,38.3647,5.0355,10.8299,10.8299,,,15811.5819,15811.5819,11327.9993,1113609.7132,1113609.7132,0
688123.SH,聚辰股份,20250418,69.48,1.4825,2.0693,0.52,37.8472,37.8472,4.9676,10.6838,10.6838,,,15811.5819,15811.5819,11327.9993,1098588.7104,1098588.7104,0
688123.SH,聚辰股份,20250417,68.84,2.6168,3.6526,0.92,37.4986,37.4986,4.9218,10.5854,10.5854,,,15811.5819,15811.5819,11327.9993,1088469.298,1088469.298,0
688123.SH,聚辰股份,20250416,67.78,4.1454,5.7861,1.51,36.9212,36.9212,4.846,10.4224,10.4224,,,15811.5819,15811.5819,11327.9993,1071709.0212,1071709.0212,0
688123.SH,聚辰股份,20250415,71.68,1.6088,2.2479,0.47,39.0456,39.0456,5.1401,11.0221,11.0221,,,15811.5819,15771.8544,11288.2718,1133374.1906,1130526.5234,0
688123.SH,聚辰股份,20250414,72.58,2.003,2.7986,0.49,39.5358,39.5358,5.2046,11.1605,11.1605,,,15811.5819,15771.8544,11288.2718,1147604.6143,1144721.1924,0
688123.SH,聚辰股份,20250411,73.22,3.9444,5.511,0.97,39.7842,39.7842,5.2373,11.2306,11.2306,,,15771.8544,15771.8544,11288.2718,1154815.1792,1154815.1792,0
688123.SH,聚辰股份,20250410,68.22,2.6103,3.6472,0.68,37.0675,37.0675,4.8797,10.4637,10.4637,,,15771.8544,15771.8544,11288.2718,1075955.9072,1075955.9072,0
688123.SH,聚辰股份,20250409,65.7,3.5966,5.0251,0.98,35.6982,35.6982,4.6994,10.0772,10.0772,,,15771.8544,15771.8544,11288.2718,1036210.8341,1036210.8341,0
688123.SH,聚辰股份,20250408,63.67,4.9828,6.9619,1.58,34.5952,34.5952,4.5542,9.7658,9.7658,,,15771.8544,15771.8544,11288.2718,1004193.9696,1004193.9696,0
688123.SH,聚辰股份,20250407,59.87,5.271,7.3646,2.04,32.5305,32.5305,4.2824,9.1829,9.1829,,,15771.8544,15771.8544,11288.2718,944260.9229,944260.9229,0
688123.SH,聚辰股份,20250403,74.79,3.8338,5.3565,1.64,40.6373,40.6373,5.3496,11.4714,11.4714,,,15771.8544,15771.8544,11288.2718,1179576.9906,1179576.9906,0
688123.SH,聚辰股份,20250402,79.78,1.5675,2.1901,0.56,43.3486,43.3486,5.7066,12.2368,12.2368,,,15771.8544,15771.8544,11288.2718,1258278.544,1258278.544,0
688123.SH,聚辰股份,20250401,81.05,2.7455,3.836,0.87,44.0387,44.0387,5.7974,12.4316,12.4316,,,15771.8544,15771.8544,11288.2718,1278308.7991,1278308.7991,0
688123.SH,聚辰股份,20250331,81.06,2.372,3.3141,0.67,44.0441,44.0441,5.7981,12.4331,12.4331,,,15771.8544,15771.8544,11288.2718,1278466.5177,1278466.5177,0
688123.SH,聚辰股份,20250328,79.45,2.4232,3.3857,0.65,43.1693,43.1693,5.6829,12.1861,12.1861,,,15771.8544,15771.8544,11288.2718,1253073.8321,1253073.8321,0
688123.SH,聚辰股份,20250327,82.11,2.6102,3.6469,0.64,44.6146,44.6146,5.8732,12.5941,12.5941,,,15771.8544,15771.8544,11288.2718,1295026.9648,1295026.9648,0
688123.SH,聚辰股份,20250326,82.08,3.8984,5.4468,0.99,44.5983,44.5983,5.8711,12.5895,12.5895,,,15771.8544,15771.8544,11288.2718,1294553.8092,1294553.8092,0
688123.SH,聚辰股份,20250325,80.36,4.5452,6.3505,1.22,43.6638,43.6638,5.748,12.3257,12.3257,,,15771.8544,15771.8544,11288.2718,1267426.2196,1267426.2196,0
688123.SH,聚辰股份,20250324,84.43,4.2703,5.9665,1.04,132.6868,45.9881,6.2892,18.9291,12.9559,,,15771.8544,15771.8544,11288.2718,1331617.667,1331617.667,0
688123.SH,聚辰股份,20250321,81.5,3.3049,4.6176,0.82,128.0822,44.3922,6.071,18.2722,12.5063,,,15771.8544,15771.8544,11288.2718,1285406.1336,1285406.1336,0
688123.SH,聚辰股份,20250320,84.15,4.2994,6.0071,1.03,132.2468,45.8356,6.2684,18.8663,12.9129,,,15771.8544,15771.8544,11288.2718,1327201.5478,1327201.5478,0
688123.SH,聚辰股份,20250319,81.48,3.2154,4.4925,0.72,128.0507,44.3813,6.0695,18.2677,12.5032,,,15771.8544,15771.8544,11288.2718,1285090.6965,1285090.6965,0
688123.SH,聚辰股份,20250318,82.54,3.4998,4.8898,0.79,129.7166,44.9587,6.1484,18.5054,12.6658,,,15771.8544,15771.8544,11288.2718,1301808.8622,1301808.8622,0
688123.SH,聚辰股份,20250317,81.05,6.1953,8.656,1.61,127.375,44.1471,6.0374,18.1713,12.4372,,,15771.8544,15771.8544,11288.2718,1278308.7991,1278308.7991,0
688123.SH,聚辰股份,20250314,75.59,2.9774,4.16,0.67,118.7942,41.1731,5.6307,16.9472,11.5994,,,15771.8544,15771.8544,11288.2718,1192194.4741,1192194.4741,0
688123.SH,聚辰股份,20250313,74.15,4.8974,6.8425,1.09,116.5312,40.3887,5.5235,16.6243,11.3784,,,15771.8544,15771.8544,11288.2718,1169483.0038,1169483.0038,0
688123.SH,聚辰股份,20250312,79.22,4.8022,6.7096,1.11,124.499,43.1503,5.9011,17.761,12.1564,,,15771.8544,15771.8544,11288.2718,1249446.3056,1249446.3056,0
688123.SH,聚辰股份,20250311,78.25,3.2732,4.5733,0.66,122.9746,42.622,5.8289,17.5436,12.0075,,,15771.8544,15771.8544,11288.2718,1234147.6068,1234147.6068,0
688123.SH,聚辰股份,20250310,78.76,3.3226,4.6423,0.59,123.7761,42.8998,5.8669,17.6579,12.0858,,,15771.8544,15771.8544,11288.2718,1242191.2525,1242191.2525,0
688123.SH,聚辰股份,20250307,77.64,5.8426,8.1632,1.07,122.0159,42.2897,5.7834,17.4068,11.9139,,,15771.8544,15771.8544,11288.2718,1224526.7756,1224526.7756,0
688123.SH,聚辰股份,20250306,79.05,5.2955,8.3591,0.88,124.2318,43.0577,5.8885,17.7229,12.1303,,,15771.8544,15771.8544,9991.4498,1246765.0903,1246765.0903,0
688123.SH,聚辰股份,20250305,79.79,3.9948,6.3059,0.67,125.3948,43.4608,5.9436,17.8888,12.2439,,,15771.8544,15771.8544,9991.4498,1258436.2626,1258436.2626,0
688123.SH,聚辰股份,20250304,80.25,6.5163,10.2862,1.13,126.1177,43.7113,5.9779,17.9919,12.3144,,,15771.8544,15771.8544,9991.4498,1265691.3156,1265691.3156,0
688123.SH,聚辰股份,20250303,79.35,6.2822,9.9166,1.17,124.7033,43.2211,5.9108,17.7902,12.1763,,,15771.8544,15771.8544,9991.4498,1251496.6466,1251496.6466,0
688123.SH,聚辰股份,20250228,77.76,5.2702,8.3192,1.01,122.2045,42.3551,5.7924,17.4337,11.9323,,,15771.8544,15771.8544,9991.4498,1226419.3981,1226419.3981,0
688123.SH,聚辰股份,20250227,83.0,7.937,12.5288,1.88,130.4395,45.2092,6.1827,18.6085,12.7364,,,15771.8544,15771.8544,9991.4498,1309063.9152,1309063.9152,0
688123.SH,聚辰股份,20250226,78.03,3.907,6.1673,0.89,122.6289,42.5021,5.8125,17.4942,11.9738,,,15771.8544,15771.8544,9991.4498,1230677.7988,1230677.7988,0
688123.SH,聚辰股份,20250225,78.3,5.4326,8.5755,1.37,123.0532,42.6492,5.8326,17.5548,12.0152,,,15771.8544,15771.8544,9991.4498,1234936.1995,1234936.1995,0
688123.SH,聚辰股份,20250224,75.56,4.2858,6.7653,1.09,118.7471,41.1568,5.6285,16.9405,11.5948,,,15771.8544,15771.8544,9991.4498,1191721.3185,1191721.3185,0
688123.SH,聚辰股份,20250221,75.23,4.6439,7.3305,1.23,118.2285,51.7441,5.6039,16.8665,12.2212,,,15771.8544,15771.8544,9991.4498,1186516.6065,1186516.6065,0
688123.SH,聚辰股份,20250220,73.16,2.8575,4.5107,0.69,114.9754,50.3203,5.4497,16.4024,11.8849,,,15771.8544,15771.8544,9991.4498,1153868.8679,1153868.8679,0
688123.SH,聚辰股份,20250219,73.35,4.6268,7.3036,1.13,115.274,50.451,5.4639,16.445,11.9158,,,15771.8544,15771.8544,9991.4498,1156865.5202,1156865.5202,0
688123.SH,聚辰股份,20250218,68.87,3.475,5.4854,0.71,108.2334,47.3696,5.1302,15.4406,11.188,,,15771.8544,15771.8544,9991.4498,1086207.6125,1086207.6125,0
688123.SH,聚辰股份,20250217,72.17,4.1055,6.4807,0.84,113.4195,49.6394,5.376,16.1804,11.7241,,,15771.8544,15771.8544,9991.4498,1138254.732,1138254.732,0
688123.SH,聚辰股份,20250214,69.8,3.8766,6.1194,0.68,109.6949,48.0093,5.1994,15.6491,11.3391,,,15771.8544,15771.8544,9991.4498,1100875.4371,1100875.4371,0
688123.SH,聚辰股份,20250213,70.88,4.7189,7.4489,0.77,111.3922,48.7521,5.2799,15.8912,11.5145,,,15771.8544,15771.8544,9991.4498,1117909.0399,1117909.0399,0
688123.SH,聚辰股份,20250212,72.7,4.3636,6.888,0.69,114.2524,50.0039,5.4155,16.2992,11.8102,,,15771.8544,15771.8544,9991.4498,1146613.8149,1146613.8149,0
688123.SH,聚辰股份,20250211,70.8,7.4309,11.73,1.27,111.2665,48.6971,5.2739,15.8733,11.5015,,,15771.8544,15771.8544,9991.4498,1116647.2915,1116647.2915,0
688123.SH,聚辰股份,20250210,75.7,4.0119,6.3329,0.64,118.9671,52.0674,5.6389,16.9718,12.2975,,,15771.8544,15771.8544,9991.4498,1193929.3781,1193929.3781,0
688123.SH,聚辰股份,20250207,76.7,8.0409,12.6929,1.31,120.5387,52.7552,5.7134,17.196,12.46,,,15771.8544,15771.8544,9991.4498,1209701.2325,1209701.2325,0
688123.SH,聚辰股份,20250206,75.58,6.6486,10.4951,1.12,118.7785,51.9848,5.63,16.9449,12.2781,,,15771.8544,15771.8544,9991.4498,1192036.7556,1192036.7556,0
688123.SH,聚辰股份,20250205,69.03,5.5777,8.8045,0.86,108.4848,47.4797,5.1421,15.4764,11.214,,,15771.8544,15771.8544,9991.4498,1088731.1092,1088731.1092,0
688123.SH,聚辰股份,20250127,68.64,5.0301,7.9403,0.75,107.8719,47.2114,5.113,15.389,11.1506,,,15771.8544,15771.8544,9991.4498,1082580.086,1082580.086,0
688123.SH,聚辰股份,20250124,74.66,6.1414,9.6944,0.92,117.3327,51.352,5.5615,16.7387,12.1286,,,15771.8544,15771.8544,9991.4498,1177526.6495,1177526.6495,0
688123.SH,聚辰股份,20250123,70.66,7.2041,11.3718,1.14,111.0465,48.6008,5.2635,15.8419,11.4788,,,15771.8544,15771.8544,9991.4498,1114439.2319,1114439.2319,0
688123.SH,聚辰股份,20250122,71.2,5.5977,8.8361,0.85,111.8951,48.9722,5.3037,15.9629,11.5665,,,15771.8544,15771.8544,9991.4498,1122956.0333,1122956.0333,0
688123.SH,聚辰股份,20250121,72.0,8.4252,13.2994,1.28,113.1523,49.5225,5.3633,16.1423,11.6965,,,15771.8544,15771.8544,9991.4498,1135573.5168,1135573.5168,0
688123.SH,聚辰股份,20250120,68.63,6.1166,9.6553,0.95,107.8562,47.2045,5.1123,15.3868,11.149,,,15771.8544,15771.8544,9991.4498,1082422.3675,1082422.3675,0
688123.SH,聚辰股份,20250117,67.25,6.1398,9.6919,0.92,105.6874,46.2554,5.0095,15.0774,10.9248,,,15771.8544,15771.8544,9991.4498,1060657.2084,1060657.2084,0
688123.SH,聚辰股份,20250116,66.6,5.3957,8.5174,0.71,104.6659,45.8083,4.9611,14.9316,10.8192,,,15771.8544,15771.8544,9991.4498,1050405.503,1050405.503,0
688123.SH,聚辰股份,20250115,68.0,6.8361,10.7911,0.76,106.8661,46.7712,5.0653,15.2455,11.0467,,,15771.8544,15771.8544,9991.4498,1072486.0992,1072486.0992,0
688123.SH,聚辰股份,20250114,67.55,8.4645,13.3761,1.04,106.1589,46.4617,5.0504,15.1446,10.9736,,,15771.8544,15742.1944,9961.7898,1065388.7647,1063385.2317,0
688123.SH,聚辰股份,20250113,61.75,5.3604,8.4708,0.71,97.0439,42.4724,4.6167,13.8443,10.0314,,,15771.8544,15742.1944,9961.7898,973912.0092,972080.5042,0
688123.SH,聚辰股份,20250110,63.51,7.4972,11.8475,1.1,99.6221,43.6008,4.7394,14.2121,10.2979,,,15742.1944,15742.1944,9961.7898,999786.7663,999786.7663,0
688123.SH,聚辰股份,20250109,66.54,9.9656,15.7483,1.83,104.375,45.6809,4.9655,14.8901,10.7892,,,15742.1944,15742.1944,9961.7898,1047485.6154,1047485.6154,0
688123.SH,聚辰股份,20250108,66.4,13.7373,21.7085,3.84,104.1554,45.5848,4.955,14.8588,10.7665,,,15742.1944,15742.1944,9961.7898,1045281.7082,1045281.7082,0
688123.SH,聚辰股份,20250107,58.09,4.0246,6.3599,1.13,91.1203,39.8799,4.3349,12.9992,9.419,,,15742.1944,15742.1944,9961.7898,914464.0727,914464.0727,0
688123.SH,聚辰股份,20250106,54.81,2.5393,4.0128,0.57,85.9752,37.6281,4.0902,12.2652,8.8872,,,15742.1944,15742.1944,9961.7898,862829.6751,862829.6751,0
688123.SH,聚辰股份,20250103,55.91,3.6723,5.8032,0.8,87.7007,38.3832,4.1722,12.5114,9.0656,,,15742.1944,15742.1944,9961.7898,880146.0889,880146.0889,0
688123.SH,聚辰股份,20250102,56.09,3.1866,5.0356,0.7,87.983,38.5068,4.1857,12.5517,9.0947,,,15742.1944,15742.1944,9961.7898,882979.6839,882979.6839,0
