ts_code,name,trade_date,close,turnover_rate,turnover_rate_f,volume_ratio,pe,pe_ttm,pb,ps,ps_ttm,dv_ratio,dv_ttm,total_share,float_share,free_share,total_mv,circ_mv,limit_status
688098.SH,申联生物,20241231,5.47,0.4517,0.8184,0.89,71.2664,,1.5383,7.4505,7.2374,,,41064.4,41064.4,22666.8601,224622.268,224622.268,0.0
688098.SH,申联生物,20241230,5.61,0.5116,0.9269,0.87,73.0904,,1.5776,7.6412,7.4226,,,41064.4,41064.4,22666.8601,230371.284,230371.284,0.0
688098.SH,申联生物,20241227,5.66,0.5712,1.0348,0.96,73.7418,,1.5917,7.7093,7.4888,,,41064.4,41064.4,22666.8601,232424.504,232424.504,0.0
688098.SH,申联生物,20241226,5.47,0.3557,0.6444,0.52,71.2664,,1.5383,7.4505,7.2374,,,41064.4,41064.4,22666.8601,224622.268,224622.268,0.0
688098.SH,申联生物,20241225,5.39,0.5587,1.0121,0.73,70.2241,,1.5158,7.3415,7.1315,,,41064.4,41064.4,22666.8601,221337.116,221337.116,0.0
688098.SH,申联生物,20241224,5.63,0.55,0.9965,0.55,73.351,,1.5833,7.6684,7.4491,,,41064.4,41064.4,22666.8601,231192.572,231192.572,0.0
688098.SH,申联生物,20241223,5.69,0.8943,1.6202,0.8,74.1327,,1.6001,7.7501,7.5285,,,41064.4,41064.4,22666.8601,233656.436,233656.436,0.0
688098.SH,申联生物,20241220,6.0,0.6035,1.0933,0.45,78.1716,,1.6873,8.1724,7.9386,,,41064.4,41064.4,22666.8601,246386.4,246386.4,0.0
688098.SH,申联生物,20241219,5.91,0.8043,1.4571,0.5,76.999,,1.662,8.0498,7.8196,,,41064.4,41064.4,22666.8601,242690.604,242690.604,0.0
688098.SH,申联生物,20241218,5.85,0.9914,1.7961,0.58,76.2173,,1.6451,7.9681,7.7402,,,41064.4,41064.4,22666.8601,240226.74,240226.74,0.0
688098.SH,申联生物,20241217,5.91,1.7025,3.0843,1.05,76.999,,1.662,8.0498,7.8196,,,41064.4,41064.4,22666.8601,242690.604,242690.604,0.0
688098.SH,申联生物,20241216,6.26,1.4977,2.7133,0.95,81.559,,1.7604,8.5265,8.2826,,,41064.4,41064.4,22666.8601,257063.144,257063.144,0.0
688098.SH,申联生物,20241213,6.12,1.7493,3.1691,1.26,79.735,,1.7211,8.3358,8.0974,,,41064.4,41064.4,22666.8601,251314.128,251314.128,0.0
688098.SH,申联生物,20241212,6.3,2.1208,3.8422,1.97,82.0801,,1.7717,8.581,8.3356,,,41064.4,41064.4,22666.8601,258705.72,258705.72,0.0
688098.SH,申联生物,20241211,6.09,1.4927,2.7043,1.64,79.3441,,1.7126,8.295,8.0577,,,41064.4,41064.4,22666.8601,250082.196,250082.196,0.0
688098.SH,申联生物,20241210,5.84,1.2432,2.2522,1.51,76.087,,1.6423,7.9544,7.7269,,,41064.4,41064.4,22666.8601,239816.096,239816.096,0.0
688098.SH,申联生物,20241209,5.88,1.2494,2.2634,1.66,76.6081,,1.6536,8.0089,7.7799,,,41064.4,41064.4,22666.8601,241458.672,241458.672,0.0
688098.SH,申联生物,20241206,5.76,0.8402,1.5221,1.14,75.0447,,1.6198,7.8455,7.6211,,,41064.4,41064.4,22666.8601,236530.944,236530.944,0.0
688098.SH,申联生物,20241205,5.65,0.5584,1.0116,0.74,73.6115,,1.5889,7.6956,7.4755,,,41064.4,41064.4,22666.8601,232013.86,232013.86,0.0
688098.SH,申联生物,20241204,5.58,0.651,1.1794,0.84,72.6995,,1.5692,7.6003,7.3829,,,41064.4,41064.4,22666.8601,229139.352,229139.352,0.0
688098.SH,申联生物,20241203,5.7,0.8242,1.4931,1.1,74.263,,1.6029,7.7638,7.5417,,,41064.4,41064.4,22666.8601,234067.08,234067.08,0.0
688098.SH,申联生物,20241202,5.75,0.8873,1.6075,1.15,74.9144,,1.617,7.8319,7.6079,,,41064.4,41064.4,22666.8601,236120.3,236120.3,0.0
688098.SH,申联生物,20241129,5.58,0.7526,1.3634,0.96,72.6995,,1.5692,7.6003,7.3829,,,41064.4,41064.4,22666.8601,229139.352,229139.352,0.0
688098.SH,申联生物,20241128,5.47,0.6646,1.204,0.84,71.2664,,1.5383,7.4505,7.2374,,,41064.4,41064.4,22666.8601,224622.268,224622.268,0.0
688098.SH,申联生物,20241127,5.42,0.7267,1.3165,0.9,70.615,,1.5242,7.3824,7.1712,,,41064.4,41064.4,22666.8601,222569.048,222569.048,0.0
688098.SH,申联生物,20241126,5.39,0.7227,1.3092,0.89,70.2241,,1.5158,7.3415,7.1315,,,41064.4,41064.4,22666.8601,221337.116,221337.116,0.0
688098.SH,申联生物,20241125,5.4,0.9975,1.8072,1.26,70.3544,,1.5186,7.3551,7.1448,,,41064.4,41064.4,22666.8601,221747.76,221747.76,0.0
688098.SH,申联生物,20241122,5.24,0.799,1.4475,0.98,68.2698,,1.4736,7.1372,6.9331,,,41064.4,41064.4,22666.8601,215177.456,215177.456,0.0
688098.SH,申联生物,20241121,5.52,0.6959,1.2608,0.81,71.9178,,1.5523,7.5186,7.3035,,,41064.4,41064.4,22666.8601,226675.488,226675.488,0.0
688098.SH,申联生物,20241120,5.49,0.8073,1.4625,0.81,71.527,,1.5439,7.4777,7.2638,,,41064.4,41064.4,22666.8601,225443.556,225443.556,0.0
688098.SH,申联生物,20241119,5.35,0.7748,1.4037,0.63,69.703,,1.5045,7.287,7.0786,,,41064.4,41064.4,22666.8601,219694.54,219694.54,0.0
688098.SH,申联生物,20241118,5.25,0.8907,1.6136,0.62,68.4001,,1.4764,7.1508,6.9463,,,41064.4,41064.4,22666.8601,215588.1,215588.1,0.0
688098.SH,申联生物,20241115,5.31,0.9133,1.6546,0.55,69.1818,,1.4933,7.2325,7.0257,,,41064.4,41064.4,22666.8601,218051.964,218051.964,0.0
688098.SH,申联生物,20241114,5.39,0.9151,1.6578,0.5,70.2241,,1.5158,7.3415,7.1315,,,41064.4,41064.4,22666.8601,221337.116,221337.116,0.0
688098.SH,申联生物,20241113,5.55,1.4592,2.6436,0.82,72.3087,,1.5608,7.5594,7.3432,,,41064.4,41064.4,22666.8601,227907.42,227907.42,0.0
688098.SH,申联生物,20241112,5.66,1.9732,3.5747,1.2,73.7418,,1.5917,7.7093,7.4888,,,41064.4,41064.4,22666.8601,232424.504,232424.504,0.0
688098.SH,申联生物,20241111,5.87,1.9716,3.5719,1.44,76.4778,,1.6507,7.9953,7.7666,,,41064.4,41064.4,22666.8601,241048.028,241048.028,0.0
688098.SH,申联生物,20241108,5.55,2.0032,3.6291,1.76,72.3087,,1.5608,7.5594,7.3432,,,41064.4,41064.4,22666.8601,227907.42,227907.42,0.0
688098.SH,申联生物,20241107,5.47,1.7119,3.1014,1.69,71.2664,,1.5383,7.4505,7.2374,,,41064.4,41064.4,22666.8601,224622.268,224622.268,0.0
688098.SH,申联生物,20241106,5.22,1.2215,2.213,1.3,68.0092,,1.468,7.11,6.9066,,,41064.4,41064.4,22666.8601,214356.168,214356.168,0.0
688098.SH,申联生物,20241105,5.2,1.3076,2.3689,1.49,67.7487,,1.4623,7.0827,6.8801,,,41064.4,41064.4,22666.8601,213534.88,213534.88,0.0
688098.SH,申联生物,20241104,5.09,0.5947,1.0775,0.58,66.3155,,1.4314,6.9329,6.7346,,,41064.4,41064.4,22666.8601,209017.796,209017.796,0.0
688098.SH,申联生物,20241101,4.99,0.8593,1.5568,0.84,65.0127,,1.4033,6.7967,6.6023,,,41064.4,41064.4,22666.8601,204911.356,204911.356,0.0
688098.SH,申联生物,20241031,5.12,1.0939,1.9818,1.17,66.7064,,1.4398,6.9738,6.7743,,,41064.4,41064.4,22666.8601,210249.728,210249.728,0.0
688098.SH,申联生物,20241030,5.0,0.8347,1.5122,0.87,65.143,,1.426,6.8103,6.7365,,,41064.4,41064.4,22666.8601,205322.0,205322.0,0.0
688098.SH,申联生物,20241029,5.03,1.0042,1.8192,1.09,65.5338,,1.4346,6.8512,6.7769,,,41064.4,41064.4,22666.8601,206553.932,206553.932,0.0
688098.SH,申联生物,20241028,5.21,1.3307,2.4108,1.48,67.879,,1.4859,7.0963,7.0194,,,41064.4,41064.4,22666.8601,213945.524,213945.524,0.0
688098.SH,申联生物,20241025,5.02,0.8251,1.4948,0.9,65.4035,,1.4317,6.8376,6.7634,,,41064.4,41064.4,22666.8601,206143.288,206143.288,0.0
688098.SH,申联生物,20241024,4.93,0.6741,1.2213,0.78,64.231,,1.406,6.715,6.6422,,,41064.4,41064.4,22666.8601,202447.492,202447.492,0.0
688098.SH,申联生物,20241023,4.93,0.9375,1.6984,1.2,64.231,,1.406,6.715,6.6422,,,41064.4,41064.4,22666.8601,202447.492,202447.492,0.0
688098.SH,申联生物,20241022,4.86,0.8387,1.5195,1.18,63.319,,1.3861,6.6196,6.5479,,,41064.4,41064.4,22666.8601,199572.984,199572.984,0.0
688098.SH,申联生物,20241021,4.8,1.2136,2.1986,1.96,62.5372,,1.369,6.5379,6.467,,,41064.4,41064.4,22666.8601,197109.12,197109.12,0.0
688098.SH,申联生物,20241018,4.78,0.9252,1.6762,1.49,62.2767,,1.3633,6.5107,6.4401,,,41064.4,41064.4,22666.8601,196287.832,196287.832,0.0
688098.SH,申联生物,20241017,4.58,0.4029,0.7299,0.54,59.671,,1.3062,6.2382,6.1706,,,41064.4,41064.4,22666.8601,188074.952,188074.952,0.0
688098.SH,申联生物,20241016,4.63,0.5282,0.9569,0.58,60.3224,,1.3205,6.3063,6.238,,,41064.4,41064.4,22666.8601,190128.172,190128.172,0.0
688098.SH,申联生物,20241015,4.66,0.4959,0.8985,0.37,60.7132,,1.329,6.3472,6.2784,,,41064.4,41064.4,22666.8601,191360.104,191360.104,0.0
688098.SH,申联生物,20241014,4.8,0.7367,1.3346,0.46,62.5372,,1.369,6.5379,6.467,,,41064.4,41064.4,22666.8601,197109.12,197109.12,0.0
688098.SH,申联生物,20241011,4.64,0.9341,1.6923,0.61,60.4527,,1.3233,6.32,6.2514,,,41064.4,41064.4,22666.8601,190538.816,190538.816,0.0
688098.SH,申联生物,20241010,4.85,1.0316,1.8688,0.72,63.1887,,1.3832,6.606,6.5344,,,41064.4,41064.4,22666.8601,199162.34,199162.34,0.0
688098.SH,申联生物,20241009,4.87,1.3682,2.4787,1.06,63.4492,,1.3889,6.6332,6.5613,,,41064.4,41064.4,22666.8601,199983.628,199983.628,0.0
688098.SH,申联生物,20241008,5.47,2.65,4.8009,3.09,71.2664,,1.56,7.4505,7.3697,,,41064.4,41064.4,22666.8601,224622.268,224622.268,0.0
688098.SH,申联生物,20240930,4.86,1.9669,3.5634,3.88,63.319,,1.3861,6.6196,6.5479,,,41064.4,41064.4,22666.8601,199572.984,199572.984,0.0
688098.SH,申联生物,20240927,4.23,0.6606,1.1968,1.45,55.1109,,1.2064,5.7615,5.6991,,,41064.4,41064.4,22666.8601,173702.412,173702.412,0.0
688098.SH,申联生物,20240926,4.02,0.5524,1.0007,1.37,52.3749,,1.1465,5.4755,5.4161,,,41064.4,41064.4,22666.8601,165078.888,165078.888,0.0
688098.SH,申联生物,20240925,3.9,0.5978,1.0829,1.59,50.8115,,1.1123,5.312,5.2545,,,41064.4,41064.4,22666.8601,160151.16,160151.16,0.0
688098.SH,申联生物,20240924,3.82,0.5069,0.9183,1.58,49.7692,,1.0895,5.2031,5.1467,,,41064.4,41064.4,22666.8601,156866.008,156866.008,0.0
688098.SH,申联生物,20240923,3.67,0.2158,0.391,0.68,47.8149,,1.0467,4.9988,4.9446,,,41064.4,41064.4,22666.8601,150706.348,150706.348,0.0
688098.SH,申联生物,20240920,3.68,0.4023,0.7289,1.41,47.9452,,1.0495,5.0124,4.958,,,41064.4,41064.4,22666.8601,151116.992,151116.992,0.0
688098.SH,申联生物,20240919,3.78,0.2995,0.5426,1.03,49.2481,,1.0781,5.1486,5.0928,,,41064.4,41064.4,22666.8601,155223.432,155223.432,0.0
688098.SH,申联生物,20240918,3.68,0.4506,0.8163,1.66,47.9452,,1.0495,5.0124,4.958,,,41064.4,41064.4,22666.8601,151116.992,151116.992,0.0
688098.SH,申联生物,20240913,3.78,0.239,0.4331,0.79,49.2481,,1.0781,5.1486,5.0928,,,41064.4,41064.4,22666.8601,155223.432,155223.432,0.0
688098.SH,申联生物,20240912,3.86,0.1891,0.3425,0.51,50.2904,,1.1009,5.2576,5.2006,,,41064.4,41064.4,22666.8601,158508.584,158508.584,0.0
688098.SH,申联生物,20240911,3.87,0.2458,0.4453,0.63,50.4207,,1.1037,5.2712,5.214,,,41064.4,41064.4,22666.8601,158919.228,158919.228,0.0
688098.SH,申联生物,20240910,3.88,0.3317,0.6008,0.89,50.5509,,1.1066,5.2848,5.2275,,,41064.4,41064.4,22666.8601,159329.872,159329.872,0.0
688098.SH,申联生物,20240909,3.86,0.3531,0.6398,0.94,50.2904,,1.1009,5.2576,5.2006,,,41064.4,41064.4,22666.8601,158508.584,158508.584,0.0
688098.SH,申联生物,20240906,3.79,0.3955,0.7166,0.99,49.3784,,1.0809,5.1622,5.1062,,,41064.4,41064.4,22666.8601,155634.076,155634.076,0.0
688098.SH,申联生物,20240905,3.86,0.5439,0.9853,1.52,50.2904,,1.1009,5.2576,5.2006,,,41064.4,41064.4,22666.8601,158508.584,158508.584,0.0
688098.SH,申联生物,20240904,3.84,0.3172,0.5747,0.91,50.0298,,1.0952,5.2303,5.1736,,,41064.4,41064.4,22666.8601,157687.296,157687.296,0.0
688098.SH,申联生物,20240903,3.87,0.2545,0.4611,0.72,50.4207,,1.1037,5.2712,5.214,,,41064.4,41064.4,22666.8601,158919.228,158919.228,0.0
688098.SH,申联生物,20240902,3.86,0.3754,0.6801,1.02,50.2904,,1.1009,5.2576,5.2006,,,41064.4,41064.4,22666.8601,158508.584,158508.584,0.0
688098.SH,申联生物,20240830,3.92,0.5117,0.9271,1.39,51.0721,,1.118,5.3393,5.2814,,,41064.4,41064.4,22666.8601,160972.448,160972.448,0.0
688098.SH,申联生物,20240829,3.89,0.3307,0.5991,0.88,50.6812,118.8381,1.0851,5.2984,5.1915,,,41064.4,41064.4,22666.8601,159740.516,159740.516,0.0
688098.SH,申联生物,20240828,3.88,0.278,0.5037,0.71,50.5509,118.5326,1.0823,5.2848,5.1782,,,41064.4,41064.4,22666.8601,159329.872,159329.872,0.0
688098.SH,申联生物,20240827,3.86,0.2733,0.4951,0.69,50.2904,117.9216,1.0767,5.2576,5.1515,,,41064.4,41064.4,22666.8601,158508.584,158508.584,0.0
688098.SH,申联生物,20240826,3.92,0.4382,0.7938,1.11,51.0721,119.7546,1.0935,5.3393,5.2316,,,41064.4,41064.4,22666.8601,160972.448,160972.448,0.0
688098.SH,申联生物,20240823,3.78,0.5212,0.9442,1.44,49.2481,115.4776,1.0544,5.1486,5.0447,,,41064.4,41064.4,22666.8601,155223.432,155223.432,0.0
688098.SH,申联生物,20240822,3.89,0.3749,0.6791,1.02,50.6812,118.8381,1.0851,5.2984,5.1915,,,41064.4,41064.4,22666.8601,159740.516,159740.516,0.0
688098.SH,申联生物,20240821,3.95,0.3433,0.6219,0.94,51.4629,120.6711,1.1018,5.3801,5.2716,,,41064.4,41064.4,22666.8601,162204.38,162204.38,0.0
688098.SH,申联生物,20240820,4.01,0.3027,0.5484,0.81,52.2447,122.5041,1.1186,5.4619,5.3517,,,41064.4,41064.4,22666.8601,164668.244,164668.244,0.0
688098.SH,申联生物,20240819,4.1,0.4344,0.787,1.19,53.4172,125.2535,1.1437,5.5845,5.4718,,,41064.4,41064.4,22666.8601,168364.04,168364.04,0.0
688098.SH,申联生物,20240816,4.16,0.3554,0.6439,1.03,54.1989,127.0865,1.1604,5.6662,5.5519,,,41064.4,41064.4,22666.8601,170827.904,170827.904,0.0
688098.SH,申联生物,20240815,4.14,0.4105,0.7436,1.2,53.9384,126.4755,1.1548,5.6389,5.5252,,,41064.4,41064.4,22666.8601,170006.616,170006.616,0.0
688098.SH,申联生物,20240814,4.12,0.3163,0.573,0.91,53.6778,125.8645,1.1492,5.6117,5.4985,,,41064.4,41064.4,22666.8601,169185.328,169185.328,0.0
688098.SH,申联生物,20240813,4.2,0.3447,0.6245,0.96,54.7201,128.3085,1.1716,5.7207,5.6053,,,41064.4,41064.4,22666.8601,172470.48,172470.48,0.0
688098.SH,申联生物,20240812,4.19,0.3979,0.7208,1.0,54.5898,128.003,1.1688,5.707,5.5919,,,41064.4,41064.4,22666.8601,172059.836,172059.836,0.0
688098.SH,申联生物,20240809,4.15,0.2616,0.474,0.53,54.0687,126.781,1.1576,5.6526,5.5385,,,41064.4,41064.4,22666.8601,170417.26,170417.26,0.0
688098.SH,申联生物,20240808,4.22,0.3942,0.7142,0.74,54.9807,128.9195,1.1771,5.7479,5.632,,,41064.4,41064.4,22666.8601,173291.768,173291.768,0.0
688098.SH,申联生物,20240807,4.18,0.3403,0.6166,0.57,54.4595,127.6975,1.166,5.6934,5.5786,,,41064.4,41064.4,22666.8601,171649.192,171649.192,0.0
688098.SH,申联生物,20240806,4.2,0.4007,0.726,0.69,54.7201,128.3085,1.1716,5.7207,5.6053,,,41064.4,41064.4,22666.8601,172470.48,172470.48,0.0
688098.SH,申联生物,20240805,4.06,0.5875,1.0643,1.15,52.8961,124.0315,1.1325,5.53,5.4184,,,41064.4,41064.4,22666.8601,166721.464,166721.464,0.0
688098.SH,申联生物,20240802,4.14,0.7561,1.3698,1.86,53.9384,126.4755,1.1548,5.6389,5.5252,,,41064.4,41064.4,22666.8601,170006.616,170006.616,0.0
688098.SH,申联生物,20240801,4.11,0.5941,1.0762,1.82,53.5475,125.559,1.1464,5.5981,5.4852,,,41064.4,41064.4,22666.8601,168774.684,168774.684,0.0
688098.SH,申联生物,20240731,4.09,0.6221,1.1271,2.2,53.2869,124.948,1.1409,5.5708,5.4585,,,41064.4,41064.4,22666.8601,167953.396,167953.396,0.0
688098.SH,申联生物,20240730,3.95,0.365,0.6613,1.29,51.4629,120.6711,1.1018,5.3801,5.2716,,,41064.4,41064.4,22666.8601,162204.38,162204.38,0.0
688098.SH,申联生物,20240729,3.92,0.2143,0.3882,0.77,51.0721,119.7546,1.0935,5.3393,5.2316,,,41064.4,41064.4,22666.8601,160972.448,160972.448,0.0
688098.SH,申联生物,20240726,3.92,0.2342,0.4243,0.81,51.0721,119.7546,1.0935,5.3393,5.2316,,,41064.4,41064.4,22666.8601,160972.448,160972.448,0.0
688098.SH,申联生物,20240725,3.88,0.194,0.3515,0.6,50.5509,118.5326,1.0823,5.2848,5.1782,,,41064.4,41064.4,22666.8601,159329.872,159329.872,0.0
688098.SH,申联生物,20240724,3.84,0.4041,0.732,1.36,50.0298,117.3106,1.0711,5.2303,5.1248,,,41064.4,41064.4,22666.8601,157687.296,157687.296,0.0
688098.SH,申联生物,20240723,3.94,0.3704,0.671,1.36,51.3327,120.3656,1.099,5.3665,5.2583,,,41064.4,41064.4,22666.8601,161793.736,161793.736,0.0
688098.SH,申联生物,20240722,4.04,0.1872,0.3392,0.61,52.6355,123.4205,1.1269,5.5027,5.3917,,,41064.4,41064.4,22666.8601,165900.176,165900.176,0.0
688098.SH,申联生物,20240719,3.99,0.2855,0.5172,0.91,51.9841,121.8931,1.113,5.4346,5.325,,,41064.4,41064.4,22666.8601,163846.956,163846.956,0.0
688098.SH,申联生物,20240718,3.96,0.3817,0.6915,1.2,51.5932,120.9766,1.1046,5.3938,5.285,,,41064.4,41064.4,22666.8601,162615.024,162615.024,0.0
688098.SH,申联生物,20240717,3.98,0.256,0.4638,0.77,51.8538,121.5876,1.1102,5.421,5.3117,,,41064.4,41064.4,22666.8601,163436.312,163436.312,0.0
688098.SH,申联生物,20240716,4.01,0.2559,0.4636,0.63,52.2447,122.5041,1.1186,5.4619,5.3517,,,41064.4,41064.4,22666.8601,164668.244,164668.244,0.0
688098.SH,申联生物,20240715,4.02,0.3435,0.6224,0.8,52.3749,122.8095,1.1213,5.4755,5.365,,,41064.4,41064.4,22666.8601,165078.888,165078.888,0.0
688098.SH,申联生物,20240712,4.12,0.3345,0.6061,0.75,53.6778,125.8645,1.1492,5.6117,5.4985,,,41064.4,41064.4,22666.8601,169185.328,169185.328,0.0
688098.SH,申联生物,20240711,4.15,0.3998,0.7242,0.85,54.0687,126.781,1.1576,5.6526,5.5385,,,41064.4,41064.4,22666.8601,170417.26,170417.26,0.0
688098.SH,申联生物,20240710,4.0,0.3265,0.5915,0.69,52.1144,122.1986,1.1158,5.4482,5.3384,,,41064.4,41064.4,22666.8601,164257.6,164257.6,0.0
688098.SH,申联生物,20240709,3.99,0.6128,1.1102,1.45,51.9841,121.8931,1.113,5.4346,5.325,,,41064.4,41064.4,22666.8601,163846.956,163846.956,0.0
688098.SH,申联生物,20240708,3.97,0.4713,0.8538,1.13,51.7235,121.2821,1.1074,5.4074,5.2983,,,41064.4,41064.4,22666.8601,163025.668,163025.668,0.0
688098.SH,申联生物,20240705,4.12,0.4204,0.7616,0.93,53.6778,125.8645,1.1492,5.6117,5.4985,,,41064.4,41064.4,22666.8601,169185.328,169185.328,0.0
688098.SH,申联生物,20240704,4.06,0.5213,0.9444,1.09,52.8961,124.0315,1.1325,5.53,5.4184,,,41064.4,41064.4,22666.8601,166721.464,166721.464,0.0
688098.SH,申联生物,20240703,4.22,0.3528,0.6392,0.6,54.9807,128.9195,1.1771,5.7479,5.632,,,41064.4,41064.4,22666.8601,173291.768,173291.768,0.0
688098.SH,申联生物,20240702,4.22,0.3495,0.6331,0.59,54.9807,128.9195,1.1771,5.7479,5.632,,,41064.4,41064.4,22666.8601,173291.768,173291.768,0.0
688098.SH,申联生物,20240701,4.16,0.4411,0.799,0.7,54.1989,127.0865,1.1604,5.6662,5.5519,,,41064.4,41064.4,22666.8601,170827.904,170827.904,0.0
688098.SH,申联生物,20240628,4.17,0.6046,1.0954,1.04,54.3292,127.392,1.1632,5.6798,5.5652,,,41064.4,41064.4,22666.8601,171238.548,171238.548,0.0
688098.SH,申联生物,20240627,4.18,0.6435,1.1658,1.15,54.4595,127.6975,1.166,5.6934,5.5786,,,41064.4,41064.4,22666.8601,171649.192,171649.192,0.0
688098.SH,申联生物,20240626,4.34,0.8843,1.6021,1.92,56.5441,132.5854,1.2106,5.9113,5.7921,,,41064.4,41064.4,22666.8601,178219.496,178219.496,0.0
688098.SH,申联生物,20240625,4.2,0.3977,0.7205,0.88,54.7201,128.3085,1.1716,5.7207,5.6053,,,41064.4,41064.4,22666.8601,172470.48,172470.48,0.0
688098.SH,申联生物,20240624,4.19,0.625,1.1322,1.55,54.5898,128.003,1.1688,5.707,5.5919,,,41064.4,41064.4,22666.8601,172059.836,172059.836,0.0
688098.SH,申联生物,20240621,4.42,0.3502,0.6345,0.81,57.5864,135.0294,1.2329,6.0203,5.8989,,,41064.4,41064.4,22666.8601,181504.648,181504.648,0.0
688098.SH,申联生物,20240620,4.43,0.5359,0.9709,1.16,57.7167,135.3349,1.2357,6.0339,5.9122,,,41064.4,41064.4,22666.8601,181915.292,181915.292,0.0
688098.SH,申联生物,20240619,4.38,0.3978,0.7206,0.86,57.0652,133.8074,1.2218,5.9658,5.8455,,,41064.4,41064.4,22666.8601,179862.072,179862.072,0.0
688098.SH,申联生物,20240618,4.44,0.3523,0.6382,0.68,57.8469,135.6404,1.2385,6.0476,5.9256,,,41064.4,41064.4,22666.8601,182325.936,182325.936,0.0
688098.SH,申联生物,20240617,4.39,0.3757,0.6806,0.65,57.1955,134.1129,1.2246,5.9795,5.8588,,,41064.4,41064.4,22666.8601,180272.716,180272.716,0.0
688098.SH,申联生物,20240614,4.47,0.5093,0.9226,0.76,58.2378,136.5569,1.2469,6.0884,5.9656,,,41064.4,41064.4,22666.8601,183557.868,183557.868,0.0
688098.SH,申联生物,20240613,4.58,0.6665,1.2075,1.03,59.671,139.9173,1.2652,6.2382,6.1124,,,41064.4,41064.4,22666.8601,188074.952,188074.952,0.0
688098.SH,申联生物,20240612,4.51,0.4053,0.7342,0.59,58.7589,137.7789,1.2459,6.1429,6.019,,,41064.4,41064.4,22666.8601,185200.444,185200.444,0.0
688098.SH,申联生物,20240611,4.5,0.6301,1.1415,0.93,58.6287,137.4734,1.2431,6.1293,6.0056,,,41064.4,41064.4,22666.8601,184789.8,184789.8,0.0
688098.SH,申联生物,20240607,4.53,0.6791,1.2302,1.14,59.0195,138.3899,1.2514,6.1701,6.0457,,,41064.4,41064.4,22666.8601,186021.732,186021.732,0.0
688098.SH,申联生物,20240606,4.38,0.966,1.7501,2.05,57.0652,133.8074,1.21,5.9658,5.8455,,,41064.4,41064.4,22666.8601,179862.072,179862.072,0.0
688098.SH,申联生物,20240605,4.63,0.5529,1.0017,1.24,60.3224,141.4448,1.279,6.3063,6.1791,,,41064.4,41064.4,22666.8601,190128.172,190128.172,0.0
688098.SH,申联生物,20240604,4.79,0.6267,1.1353,1.57,62.407,146.3328,1.3232,6.5243,6.3927,,,41064.4,41064.4,22666.8601,196698.476,196698.476,0.0
688098.SH,申联生物,20240603,4.88,0.557,1.0091,1.61,63.5795,149.0822,1.3481,6.6469,6.5128,,,41064.4,41064.4,22666.8601,200394.272,200394.272,0.0
688098.SH,申联生物,20240531,5.12,0.2877,0.5213,0.81,66.7064,156.4142,1.4144,6.9738,6.8331,,,41064.4,41064.4,22666.8601,210249.728,210249.728,0.0
688098.SH,申联生物,20240530,5.1,0.3372,0.6109,0.86,66.4458,155.8032,1.4088,6.9465,6.8064,,,41064.4,41064.4,22666.8601,209428.44,209428.44,0.0
688098.SH,申联生物,20240529,5.17,0.4162,0.754,1.1,67.3578,157.9416,1.4282,7.0419,6.8998,,,41064.4,41064.4,22666.8601,212302.948,212302.948,0.0
688098.SH,申联生物,20240528,5.21,0.3981,0.7212,0.98,67.879,159.1636,1.4392,7.0963,6.9532,,,41064.4,41064.4,22666.8601,213945.524,213945.524,0.0
688098.SH,申联生物,20240527,5.27,0.2909,0.527,0.67,68.6607,160.9966,1.4558,7.1781,7.0333,,,41064.4,41064.4,22666.8601,216409.388,216409.388,0.0
688098.SH,申联生物,20240524,5.3,0.3257,0.59,0.72,69.0515,161.9131,1.4641,7.2189,7.0733,,,41064.4,41064.4,22666.8601,217641.32,217641.32,0.0
688098.SH,申联生物,20240523,5.38,0.5374,0.9736,1.21,70.0938,164.3571,1.4862,7.3279,7.1801,,,41064.4,41064.4,22666.8601,220926.472,220926.472,0.0
688098.SH,申联生物,20240522,5.49,0.3454,0.6258,0.6,71.527,167.7175,1.5166,7.4777,7.3269,,,41064.4,41064.4,22666.8601,225443.556,225443.556,0.0
688098.SH,申联生物,20240521,5.51,0.5399,0.978,0.88,71.7875,168.3285,1.5221,7.505,7.3536,,,41064.4,41064.4,22666.8601,226264.844,226264.844,0.0
688098.SH,申联生物,20240520,5.5,0.4322,0.7831,0.59,71.6573,168.023,1.5193,7.4913,7.3402,,,41064.4,41064.4,22666.8601,225854.2,225854.2,0.0
688098.SH,申联生物,20240517,5.56,0.4009,0.7263,0.49,72.439,169.856,1.5359,7.5731,7.4203,,,41064.4,41064.4,22666.8601,228318.064,228318.064,0.0
688098.SH,申联生物,20240516,5.51,0.5025,0.9103,0.53,71.7875,168.3285,1.5221,7.505,7.3536,,,41064.4,41064.4,22666.8601,226264.844,226264.844,0.0
688098.SH,申联生物,20240515,5.59,0.9838,1.7823,1.05,72.8298,170.7725,1.5442,7.6139,7.4603,,,41064.4,41064.4,22666.8601,229549.996,229549.996,0.0
688098.SH,申联生物,20240514,5.53,0.7592,1.3754,0.87,72.0481,168.9395,1.5276,7.5322,7.3803,,,41064.4,41064.4,22666.8601,227086.132,227086.132,0.0
688098.SH,申联生物,20240513,5.63,1.0202,1.8483,1.27,73.351,171.9945,1.5553,7.6684,7.5137,,,41064.4,41064.4,22666.8601,231192.572,231192.572,0.0
688098.SH,申联生物,20240510,5.62,0.8241,1.4929,1.06,73.2207,171.689,1.5525,7.6548,7.5004,,,41064.4,41064.4,22666.8601,230781.928,230781.928,0.0
688098.SH,申联生物,20240509,5.7,1.1676,2.1153,1.72,74.263,174.1329,1.5746,7.7638,7.6072,,,41064.4,41064.4,22666.8601,234067.08,234067.08,0.0
688098.SH,申联生物,20240508,5.52,0.8984,1.6275,1.48,71.9178,168.634,1.5249,7.5186,7.3669,,,41064.4,41064.4,22666.8601,226675.488,226675.488,0.0
688098.SH,申联生物,20240507,5.45,0.4432,0.8029,0.74,71.0058,166.4955,1.5055,7.4232,7.2735,,,41064.4,41064.4,22666.8601,223800.98,223800.98,0.0
688098.SH,申联生物,20240506,5.47,0.6835,1.2382,1.27,71.2664,167.1065,1.5111,7.4505,7.3002,,,41064.4,41064.4,22666.8601,224622.268,224622.268,0.0
688098.SH,申联生物,20240430,5.28,0.6847,1.2404,1.38,68.791,161.3021,1.4586,7.1917,7.0466,,,41064.4,41064.4,22666.8601,216820.032,216820.032,0.0
688098.SH,申联生物,20240429,5.36,0.6935,1.2564,1.51,69.8333,163.7461,1.4807,7.3007,7.1534,,,41064.4,41064.4,22666.8601,220105.184,220105.184,0.0
688098.SH,申联生物,20240426,5.05,0.535,0.9683,1.19,33.9413,65.7943,1.393,6.311,6.8784,,,41064.4,41064.4,22688.8601,207375.22,207375.22,0.0
688098.SH,申联生物,20240425,4.99,0.4039,0.731,0.84,33.538,65.0126,1.3764,6.236,6.7967,,,41064.4,41064.4,22688.8601,204911.356,204911.356,0.0
688098.SH,申联生物,20240424,4.92,0.3789,0.6858,0.65,33.0676,64.1006,1.3571,6.1485,6.7013,,,41064.4,41064.4,22688.8601,202036.848,202036.848,0.0
688098.SH,申联生物,20240423,4.9,0.4764,0.8623,0.62,32.9331,63.8401,1.3516,6.1235,6.6741,,,41064.4,41064.4,22688.8601,201215.56,201215.56,0.0
688098.SH,申联生物,20240422,4.76,0.495,0.8959,0.53,31.9922,62.0161,1.313,5.9486,6.4834,,,41064.4,41064.4,22688.8601,195466.544,195466.544,0.0
688098.SH,申联生物,20240419,4.72,0.498,0.9014,0.54,31.7234,61.4949,1.3019,5.8986,6.4289,,,41064.4,41064.4,22688.8601,193823.968,193823.968,0.0
688098.SH,申联生物,20240418,4.74,0.5651,1.0228,0.64,31.8578,61.7555,1.3075,5.9236,6.4562,,,41064.4,41064.4,22688.8601,194645.256,194645.256,0.0
688098.SH,申联生物,20240417,4.8,0.9023,1.633,1.12,32.261,62.5372,1.324,5.9986,6.5379,,,41064.4,41064.4,22688.8601,197109.12,197109.12,0.0
688098.SH,申联生物,20240416,4.4,1.405,2.543,2.3,29.5726,57.3258,1.2137,5.4987,5.9931,,,41064.4,41064.4,22688.8601,180683.36,180683.36,0.0
688098.SH,申联生物,20240415,4.91,1.2712,2.3007,2.6,33.0004,63.9703,1.3543,6.136,6.6877,,,41064.4,41064.4,22688.8601,201626.204,201626.204,0.0
688098.SH,申联生物,20240412,5.39,0.432,0.7818,0.81,36.2265,70.2241,1.4867,6.7359,7.3415,,,41064.4,41064.4,22688.8601,221337.116,221337.116,0.0
688098.SH,申联生物,20240411,5.46,0.4164,0.7536,0.71,36.6969,71.1361,1.5061,6.8234,7.4369,,,41064.4,41064.4,22688.8601,224211.624,224211.624,0.0
688098.SH,申联生物,20240410,5.48,0.5064,0.9166,0.83,36.8314,71.3966,1.5116,6.8483,7.4641,,,41064.4,41064.4,22688.8601,225032.912,225032.912,0.0
688098.SH,申联生物,20240409,5.7,0.4346,0.7866,0.69,38.31,74.2629,1.5723,7.1233,7.7638,,,41064.4,41064.4,22688.8601,234067.08,234067.08,0.0
688098.SH,申联生物,20240408,5.56,0.6545,1.1846,1.08,37.369,72.4389,1.5336,6.9483,7.5731,,,41064.4,41064.4,22688.8601,228318.064,228318.064,0.0
688098.SH,申联生物,20240403,5.83,0.6502,1.1768,1.08,39.1837,75.9566,1.6081,7.2857,7.9408,,,41064.4,41064.4,22688.8601,239405.452,239405.452,0.0
688098.SH,申联生物,20240402,5.79,0.6793,1.2295,1.15,38.9149,75.4355,1.5971,7.2358,7.8863,,,41064.4,41064.4,22688.8601,237762.876,237762.876,0.0
688098.SH,申联生物,20240401,5.77,0.6171,1.1169,0.9,38.7805,75.1749,1.5916,7.2108,7.8591,,,41064.4,41064.4,22688.8601,236941.588,236941.588,0.0
688098.SH,申联生物,20240329,5.62,0.5473,0.9906,0.73,37.7723,73.2206,1.5502,7.0233,7.6548,,,41064.4,41064.4,22688.8601,230781.928,230781.928,0.0
688098.SH,申联生物,20240328,5.5,0.547,0.9901,0.67,36.9658,71.6572,1.5171,6.8733,7.4913,,,41064.4,41064.4,22688.8601,225854.2,225854.2,0.0
688098.SH,申联生物,20240327,5.47,0.6104,1.1048,0.72,36.7641,71.2663,1.5088,6.8358,7.4505,,,41064.4,41064.4,22688.8601,224622.268,224622.268,0.0
688098.SH,申联生物,20240326,5.62,0.6401,1.1585,0.77,37.7723,73.2206,1.5502,7.0233,7.6548,,,41064.4,41064.4,22688.8601,230781.928,230781.928,0.0
688098.SH,申联生物,20240325,5.61,1.0801,1.9548,1.45,37.7051,73.0904,1.5474,7.0108,7.6412,,,41064.4,41064.4,22688.8601,230371.284,230371.284,0.0
688098.SH,申联生物,20240322,5.63,0.8671,1.5694,1.28,37.8395,73.3509,1.5529,7.0358,7.6684,,,41064.4,41064.4,22688.8601,231192.572,231192.572,0.0
688098.SH,申联生物,20240321,5.75,0.8618,1.5598,1.38,38.646,74.9144,1.586,7.1858,7.8319,,,41064.4,41064.4,22688.8601,236120.3,236120.3,0.0
688098.SH,申联生物,20240320,5.8,0.7981,1.4445,1.35,38.9821,75.5658,1.5998,7.2483,7.9,,,41064.4,41064.4,22688.8601,238173.52,238173.52,0.0
688098.SH,申联生物,20240319,5.67,0.5532,1.0012,0.88,38.1084,73.8721,1.564,7.0858,7.7229,,,41064.4,41064.4,22688.8601,232835.148,232835.148,0.0
688098.SH,申联生物,20240318,5.71,0.6454,1.1681,1.07,38.3772,74.3932,1.575,7.1358,7.7774,,,41064.4,41064.4,22688.8601,234477.724,234477.724,0.0
688098.SH,申联生物,20240315,5.54,0.5199,0.9409,0.89,37.2346,72.1783,1.5281,6.9233,7.5458,,,41064.4,41064.4,22688.8601,227496.776,227496.776,0.0
688098.SH,申联生物,20240314,5.4,0.6041,1.0933,1.01,36.2937,70.3543,1.4895,6.7484,7.3551,,,41064.4,41064.4,22688.8601,221747.76,221747.76,0.0
688098.SH,申联生物,20240313,5.46,0.6401,1.1585,1.1,36.6969,71.1361,1.5061,6.8234,7.4369,,,41064.4,41064.4,22688.8601,224211.624,224211.624,0.0
688098.SH,申联生物,20240312,5.52,0.7314,1.3237,1.31,37.1002,71.9178,1.5226,6.8983,7.5186,,,41064.4,41064.4,22688.8601,226675.488,226675.488,0.0
688098.SH,申联生物,20240311,5.37,0.5139,0.9302,0.87,36.092,69.9635,1.4812,6.7109,7.3143,,,41064.4,41064.4,22688.8601,220515.828,220515.828,0.0
688098.SH,申联生物,20240308,5.28,0.4305,0.7791,0.65,35.4871,68.7909,1.4564,6.5984,7.1917,,,41064.4,41064.4,22688.8601,216820.032,216820.032,0.0
688098.SH,申联生物,20240307,5.23,0.6746,1.2209,0.94,35.1511,68.1395,1.4426,6.5359,7.1236,,,41064.4,41064.4,22688.8601,214766.812,214766.812,0.0
688098.SH,申联生物,20240306,5.3,0.5712,1.0338,0.61,35.6216,69.0515,1.4619,6.6234,7.2189,,,41064.4,41064.4,22688.8601,217641.32,217641.32,0.0
688098.SH,申联生物,20240305,5.33,0.6115,1.1068,0.62,35.8232,69.4423,1.4702,6.6609,7.2598,,,41064.4,41064.4,22688.8601,218873.252,218873.252,0.0
688098.SH,申联生物,20240304,5.45,0.6626,1.1993,0.62,36.6297,71.0058,1.5033,6.8109,7.4232,,,41064.4,41064.4,22688.8601,223800.98,223800.98,0.0
688098.SH,申联生物,20240301,5.48,0.7693,1.3924,0.73,36.8314,71.3966,1.5116,6.8483,7.4641,,,41064.4,41064.4,22688.8601,225032.912,225032.912,0.0
688098.SH,申联生物,20240229,5.37,0.958,1.7339,0.95,36.092,69.9635,1.4812,6.7109,7.3143,,,41064.4,41064.4,22688.8601,220515.828,220515.828,0.0
688098.SH,申联生物,20240228,5.19,1.7058,3.0874,2.03,34.8822,82.4211,1.4185,6.4859,7.5728,,,41064.4,41064.4,22688.8601,213124.236,213124.236,0.0
688098.SH,申联生物,20240227,5.71,0.8439,1.5274,1.1,38.3772,90.6791,1.5606,7.1358,8.3315,,,41064.4,41064.4,22688.8601,234477.724,234477.724,0.0
688098.SH,申联生物,20240226,5.61,1.1055,2.0008,1.41,37.7051,89.0911,1.5333,7.0108,8.1856,,,41064.4,41064.4,22688.8601,230371.284,230371.284,0.0
688098.SH,申联生物,20240223,5.48,0.6901,1.2491,0.72,36.8314,87.0266,1.4978,6.8483,7.9959,,,41064.4,41064.4,22688.8601,225032.912,225032.912,0.0
688098.SH,申联生物,20240222,5.26,0.7038,1.2737,0.62,35.3527,83.5328,1.4376,6.5734,7.6749,,,41064.4,41064.4,22688.8601,215998.744,215998.744,0.0
688098.SH,申联生物,20240221,5.11,0.8611,1.5584,0.67,34.3446,81.1507,1.3966,6.386,7.456,,,41064.4,41064.4,22688.8601,209839.084,209839.084,0.0
688098.SH,申联生物,20240220,5.04,0.4675,0.8462,0.31,33.8741,80.039,1.3775,6.2985,7.3539,,,41064.4,41064.4,22688.8601,206964.576,206964.576,0.0
688098.SH,申联生物,20240219,5.01,1.2013,2.1743,0.83,33.6725,79.5626,1.3693,6.261,7.3101,,,41064.4,41064.4,22688.8601,205732.644,205732.644,0.0
688098.SH,申联生物,20240208,4.92,1.5795,2.8587,1.21,33.0676,78.1333,1.3447,6.1485,7.1788,,,41064.4,41064.4,22688.8601,202036.848,202036.848,0.0
688098.SH,申联生物,20240207,4.39,1.5686,2.839,1.36,29.5054,69.7165,1.1999,5.4862,6.4055,,,41064.4,41064.4,22688.8601,180272.716,180272.716,0.0
688098.SH,申联生物,20240206,4.66,1.5893,2.8765,1.71,31.3201,74.0043,1.2736,5.8236,6.7994,,,41064.4,41064.4,22688.8601,191360.104,191360.104,0.0
688098.SH,申联生物,20240205,4.66,1.5045,2.723,1.99,31.3201,74.0043,1.2736,5.8236,6.7994,,,41064.4,41064.4,22688.8601,191360.104,191360.104,
688098.SH,申联生物,20240202,5.33,0.9647,1.7459,1.39,35.8232,84.6445,1.4568,6.6609,7.777,,,41064.4,41064.4,22688.8601,218873.252,218873.252,0.0
688098.SH,申联生物,20240201,5.67,0.8798,1.5924,1.33,38.1084,90.0439,1.5497,7.0858,8.2731,,,41064.4,41064.4,22688.8601,232835.148,232835.148,0.0
688098.SH,申联生物,20240131,5.86,0.8129,1.4712,1.28,39.3854,93.0613,1.6016,7.3232,8.5504,,,41064.4,41064.4,22688.8601,240637.384,240637.384,
688098.SH,申联生物,20240130,6.2,0.4777,0.8646,0.7,41.6705,98.4607,1.6946,7.7481,9.0464,,,41064.4,41064.4,22688.8601,254599.28,254599.28,
688098.SH,申联生物,20240129,6.39,0.6422,1.1623,0.93,42.9475,101.4781,1.7465,7.9856,9.3237,,,41064.4,41064.4,22688.8601,262401.516,262401.516,
688098.SH,申联生物,20240126,6.64,0.6657,1.2048,1.02,44.6278,105.4482,1.8148,8.298,9.6885,,,41064.4,41064.4,22688.8601,272667.616,272667.616,
688098.SH,申联生物,20240125,6.7,0.7149,1.2939,1.08,45.031,106.4011,1.8312,8.373,9.776,,,41064.4,41064.4,22688.8601,275131.48,275131.48,0.0
688098.SH,申联生物,20240124,6.28,0.6815,1.2334,1.12,42.2082,99.7312,1.7164,7.8481,9.1632,,,41064.4,41064.4,22688.8601,257884.432,257884.432,0.0
688098.SH,申联生物,20240123,6.2,0.7047,1.2754,1.26,41.6705,98.4607,1.6946,7.7481,9.0464,,,41064.4,41064.4,22688.8601,254599.28,254599.28,0.0
688098.SH,申联生物,20240122,6.29,0.6845,1.2389,1.35,42.2754,99.89,1.7191,7.8606,9.1778,,,41064.4,41064.4,22688.8601,258295.076,258295.076,
688098.SH,申联生物,20240119,6.68,0.4656,0.8426,0.92,44.8966,106.0835,1.8257,8.348,9.7468,,,41064.4,41064.4,22688.8601,274310.192,274310.192,0.0
688098.SH,申联生物,20240118,6.82,0.7688,1.3914,1.79,45.8376,108.3068,1.864,8.5229,9.9511,,,41064.4,41064.4,22688.8601,280059.208,280059.208,0.0
688098.SH,申联生物,20240117,6.98,0.423,0.7656,1.0,46.9129,110.8477,1.9077,8.7229,10.1846,,,41064.4,41064.4,22688.8601,286629.512,286629.512,
688098.SH,申联生物,20240116,7.15,0.4637,0.8393,1.09,48.0555,113.5474,1.9542,8.9353,10.4326,,,41064.4,41064.4,22688.8601,293610.46,293610.46,0.0
688098.SH,申联生物,20240115,7.18,0.421,0.762,0.94,48.2571,114.0239,1.9624,8.9728,10.4764,,,41064.4,41064.4,22688.8601,294842.392,294842.392,
688098.SH,申联生物,20240112,7.19,0.4653,0.8422,0.95,48.3243,114.1827,1.9651,8.9853,10.491,,,41064.4,41064.4,22688.8601,295253.036,295253.036,
688098.SH,申联生物,20240111,7.24,0.3766,0.6816,0.77,48.6604,114.9767,1.9788,9.0478,10.5639,,,41064.4,41064.4,22688.8601,297306.256,297306.256,0.0
688098.SH,申联生物,20240110,7.07,0.3953,0.7154,0.76,47.5178,112.277,1.9323,8.8354,10.3159,,,41064.4,41064.4,22688.8601,290325.308,290325.308,
688098.SH,申联生物,20240109,7.12,0.46,0.8326,0.85,47.8539,113.071,1.946,8.8979,10.3888,,,41064.4,41064.4,22688.8601,292378.528,292378.528,0.0
688098.SH,申联生物,20240108,7.07,0.5411,0.9792,1.07,47.5178,112.277,1.9323,8.8354,10.3159,,,41064.4,41064.4,22688.8601,290325.308,290325.308,0.0
688098.SH,申联生物,20240105,7.22,0.6816,1.2336,1.49,48.526,114.6591,1.9733,9.0228,10.5347,,,41064.4,41064.4,22688.8601,296484.968,296484.968,
688098.SH,申联生物,20240104,7.39,0.3602,0.6519,0.78,49.6686,117.3588,2.0198,9.2353,10.7828,,,41064.4,41064.4,22688.8601,303465.916,303465.916,
688098.SH,申联生物,20240103,7.42,0.5472,0.9904,1.27,49.8702,117.8352,2.028,9.2728,10.8266,,,41064.4,41064.4,22688.8601,304697.848,304697.848,
688098.SH,申联生物,20240102,7.47,0.5777,1.0456,1.42,50.2062,118.6293,2.0417,9.3352,10.8995,,,41064.4,41064.4,22688.8601,306751.068,306751.068,0.0
