ts_code,name,trade_date,close,turnover_rate,turnover_rate_f,volume_ratio,pe,pe_ttm,pb,ps,ps_ttm,dv_ratio,dv_ttm,total_share,float_share,free_share,total_mv,circ_mv,limit_status
002352.SZ,顺丰控股,20241231,40.3,0.4064,0.915,1.08,24.4026,20.9596,2.1353,0.7776,0.7274,0.6253,4.9475,498618.6983,478872.9748,212680.2609,20094333.5415,19298580.8844,0.0
002352.SZ,顺丰控股,20241230,40.87,0.5131,1.1553,1.38,24.7478,21.2561,2.1655,0.7886,0.7377,0.6166,4.8785,498618.6983,478872.9748,212680.2609,20378546.1995,19571538.4801,0.0
002352.SZ,顺丰控股,20241227,40.65,0.2983,0.6715,0.76,24.6146,21.1417,2.1538,0.7844,0.7337,0.6199,4.9049,498618.6983,478872.9748,212680.2609,20268850.0859,19466186.4256,0.0
002352.SZ,顺丰控股,20241226,40.35,0.3155,0.7104,0.79,24.4329,20.9856,2.1379,0.7786,0.7283,0.6245,4.9414,498618.6983,478872.9748,212680.2609,20119264.4764,19322524.5332,0.0
002352.SZ,顺丰控股,20241225,40.7,0.3488,0.7852,0.91,24.6448,21.1677,2.1565,0.7853,0.7346,0.6191,4.8989,498618.6983,478872.9748,212680.2609,20293781.0208,19490130.0744,0.0
002352.SZ,顺丰控股,20241224,41.2,0.4055,0.913,1.12,24.9476,21.4277,2.183,0.795,0.7436,0.6116,4.8395,498618.6983,478872.9748,212680.2609,20543090.37,19729566.5618,0.0
002352.SZ,顺丰控股,20241223,40.65,0.4953,1.1152,1.35,24.6146,21.1417,2.1538,0.7844,0.7337,0.6199,4.9049,498618.6983,478872.9748,212680.2609,20268850.0859,19466186.4256,0.0
002352.SZ,顺丰控股,20241220,40.25,0.3978,0.8958,0.99,24.3724,20.9336,2.1326,0.7767,0.7265,0.6261,4.9537,498618.6983,478872.9748,212680.2609,20069402.6066,19274637.2357,0.0
002352.SZ,顺丰控股,20241219,41.22,0.35,0.788,0.78,24.9597,21.4381,2.184,0.7954,0.744,0.6113,4.8371,498618.6983,478872.9748,212680.2609,20553062.7439,19739144.0213,0.0
002352.SZ,顺丰控股,20241218,40.1,0.2768,0.6232,0.6,24.2815,20.8556,2.1247,0.7738,0.7238,0.6284,4.9722,498618.6983,478872.9748,212680.2609,19994609.8018,19202806.2895,0.0
002352.SZ,顺丰控股,20241217,40.39,0.289,0.6507,0.53,24.4571,21.0065,2.14,0.7794,0.729,0.6239,4.9365,498618.6983,478872.9748,212680.2609,20139209.2243,19341679.4522,0.0
002352.SZ,顺丰控股,20241216,40.2,0.5214,1.174,1.0,24.3421,20.9076,2.13,0.7757,0.7256,0.6268,4.9598,498618.6983,478872.9748,212680.2609,20044471.6717,19250693.587,0.0
002352.SZ,顺丰控股,20241213,41.54,0.5762,1.2973,1.18,25.1535,21.6046,2.201,0.8015,0.7498,0.6066,4.7998,498618.6983,478872.9748,212680.2609,20712620.7274,19892383.3732,0.0
002352.SZ,顺丰控股,20241212,42.18,0.5918,1.3326,1.39,25.541,21.9374,2.2349,0.8139,0.7613,0.5974,4.727,498618.6983,478872.9748,212680.2609,21031736.6943,20198862.0771,0.0
002352.SZ,顺丰控股,20241211,41.04,0.3368,0.7583,0.75,24.8507,21.3445,2.1745,0.7919,0.7407,0.614,4.8583,498618.6983,478872.9748,212680.2609,20463311.3782,19652946.8858,0.0
002352.SZ,顺丰控股,20241210,41.34,0.6875,1.548,1.8,25.0324,21.5005,2.1904,0.7977,0.7461,0.6095,4.8231,498618.6983,478872.9748,212680.2609,20612896.9877,19796608.7782,0.0
002352.SZ,顺丰控股,20241209,40.83,0.4132,0.9304,1.0,24.7236,21.2353,2.1633,0.7878,0.7369,0.6172,4.8833,498618.6983,478872.9748,212680.2609,20358601.4516,19552383.5611,0.0
002352.SZ,顺丰控股,20241206,40.58,0.4135,0.931,0.96,24.5722,21.1053,2.1501,0.783,0.7324,0.621,4.9134,498618.6983,478872.9748,212680.2609,20233946.777,19432665.3174,0.0
002352.SZ,顺丰控股,20241205,40.22,0.2705,0.6091,0.55,24.3542,20.918,2.131,0.7761,0.7259,0.6265,4.9574,498618.6983,478872.9748,212680.2609,20054444.0456,19260271.0465,0.0
002352.SZ,顺丰控股,20241204,40.51,0.4495,1.0121,0.9,24.5298,21.0689,2.1464,0.7817,0.7312,0.622,4.9219,498618.6983,478872.9748,212680.2609,20199043.4681,19399144.2091,0.0
002352.SZ,顺丰控股,20241203,41.09,0.3637,0.8189,0.71,24.881,21.3705,2.1771,0.7929,0.7416,0.6133,4.8524,498618.6983,478872.9748,212680.2609,20488242.3131,19676890.5345,0.0
002352.SZ,顺丰控股,20241202,41.19,0.5711,1.2859,1.12,24.9416,21.4225,2.1824,0.7948,0.7434,0.6118,4.8406,498618.6983,478872.9748,212680.2609,20538104.183,19724777.832,0.0
002352.SZ,顺丰控股,20241129,41.22,0.4904,1.1041,0.98,24.9597,21.4381,2.184,0.7954,0.744,0.6113,4.8371,498618.6983,478872.9748,212680.2609,20553062.7439,19739144.0213,0.0
002352.SZ,顺丰控股,20241128,41.05,0.5736,1.2915,1.24,24.8568,21.3497,2.175,0.7921,0.7409,0.6139,4.8571,498618.6983,478872.9748,212680.2609,20468297.5652,19657735.6155,0.0
002352.SZ,顺丰控股,20241127,41.86,0.4942,1.1127,1.09,25.3473,21.771,2.2179,0.8077,0.7555,0.602,4.7632,498618.6983,478872.9748,212680.2609,20872178.7108,20045622.7251,0.0
002352.SZ,顺丰控股,20241126,42.07,0.4257,0.9585,0.91,24.6059,21.1342,2.2838,0.7841,0.7334,0.599,4.7394,481618.6983,478872.9748,212680.2609,20261698.6375,20146186.0498,0.0
002352.SZ,顺丰控股,20241125,42.0,0.5706,1.2848,1.32,24.5649,21.099,2.28,0.7828,0.7322,0.6,4.7473,481618.6983,478872.9748,212680.2609,20227985.3286,20112664.9416,0.0
002352.SZ,顺丰控股,20241122,41.16,0.4331,0.9751,0.95,24.0736,20.6771,2.2344,0.7671,0.7176,0.6122,4.8442,481618.6983,478877.0398,212684.3259,19823425.622,19710578.9582,0.0
002352.SZ,顺丰控股,20241121,42.11,0.3879,0.8733,0.83,24.6293,21.1543,2.286,0.7848,0.7341,0.5984,4.7349,481618.6983,478877.0398,212684.3259,20280963.3854,20165512.146,0.0
002352.SZ,顺丰控股,20241120,42.03,0.4399,0.9904,0.93,24.5825,21.1141,2.2816,0.7833,0.7327,0.5995,4.7439,481618.6983,478877.0398,212684.3259,20242433.8895,20127201.9828,0.0
002352.SZ,顺丰控股,20241119,42.32,0.498,1.1213,0.97,24.7521,21.2598,2.2974,0.7888,0.7378,0.5954,4.7114,481618.6983,478877.0398,212684.3259,20382103.3121,20266076.3243,0.0
002352.SZ,顺丰控股,20241118,42.32,0.4108,0.9249,0.74,24.7521,21.2598,2.2974,0.7888,0.7378,0.5954,4.7114,481618.6983,478877.0398,212684.3259,20382103.3121,20266076.3243,0.0
002352.SZ,顺丰控股,20241115,42.92,0.5412,1.2187,0.92,25.103,21.5612,2.33,0.7999,0.7483,0.5871,4.6455,481618.6983,478877.0398,212684.3259,20671074.531,20553402.5482,0.0
002352.SZ,顺丰控股,20241114,44.0,0.4478,1.0083,0.71,25.7347,22.1038,2.3886,0.8201,0.7671,0.5727,4.5315,481618.6983,478877.0398,212684.3259,21191222.7252,21070589.7512,0.0
002352.SZ,顺丰控股,20241113,45.04,0.4721,1.0629,0.71,26.343,22.6262,2.445,0.8394,0.7852,0.5595,4.4269,481618.6983,478877.0398,212684.3259,21692106.1714,21568621.8726,0.0
002352.SZ,顺丰控股,20241112,44.65,0.7072,1.5924,1.07,26.1149,22.4303,2.4239,0.8322,0.7784,0.5644,4.4655,481618.6983,478877.0398,212684.3259,21504274.8791,21381859.8271,0.0
002352.SZ,顺丰控股,20241111,44.39,0.6247,1.4065,0.95,25.9628,22.2997,2.4098,0.8273,0.7739,0.5677,4.4917,481618.6983,478877.0398,212684.3259,21379054.0175,21257351.7967,0.0
002352.SZ,顺丰控股,20241108,44.92,0.6748,1.5193,1.0,26.2728,22.5659,2.4385,0.8372,0.7831,0.561,4.4387,481618.6983,478877.0398,212684.3259,21634311.9276,21511156.6278,0.0
002352.SZ,顺丰控股,20241107,44.74,0.6945,1.5637,1.03,26.1675,22.4755,2.4288,0.8339,0.78,0.5632,4.4565,481618.6983,478877.0398,212684.3259,21547620.5619,21424958.7607,0.0
002352.SZ,顺丰控股,20241106,45.65,0.6249,1.4071,0.83,26.6998,22.9327,2.4257,0.8508,0.7958,0.552,1.3141,481618.6983,478877.0398,212684.3259,21985893.5774,21860736.8669,0.0
002352.SZ,顺丰控股,20241105,46.09,0.6734,1.5163,0.95,26.9571,23.1537,2.4491,0.859,0.8035,0.5467,1.3016,481618.6983,478877.0398,212684.3259,22197805.8046,22071442.7644,0.0
002352.SZ,顺丰控股,20241104,45.97,0.6213,1.3989,0.91,26.8869,23.0934,2.4427,0.8568,0.8014,0.5482,1.305,481618.6983,478877.0398,212684.3259,22140011.5609,22013977.5196,0.0
002352.SZ,顺丰控股,20241101,45.33,0.7693,1.7322,1.22,26.5126,22.7719,2.4087,0.8449,0.7903,0.5559,1.3234,481618.6983,478877.0398,212684.3259,21831775.5939,21707496.2141,0.0
002352.SZ,顺丰控股,20241031,44.66,0.6757,1.5215,1.21,26.1207,22.4353,2.3731,0.8324,0.7786,0.5642,1.3433,481618.6983,478877.0398,212684.3259,21509091.0661,21386648.5975,0.0
002352.SZ,顺丰控股,20241030,44.21,1.0302,2.3197,2.13,25.856,22.208,2.3494,0.8239,0.7707,0.57,1.357,481591.122,478849.4635,212656.7496,21291143.5036,21169934.7813,0.0
002352.SZ,顺丰控股,20241029,43.05,0.4392,0.989,0.83,25.1776,23.3871,2.3408,0.8023,0.7723,0.5854,1.3936,481591.122,478849.4635,212656.7496,20732497.8021,20614469.4037,0.0
002352.SZ,顺丰控股,20241028,43.18,0.5064,1.1404,0.87,25.2537,23.4577,2.3478,0.8047,0.7746,0.5836,1.3894,481591.122,478849.4635,212656.7496,20795104.648,20676719.8339,0.0
002352.SZ,顺丰控股,20241025,43.4,0.4909,1.1053,0.8,25.3823,23.5772,2.3598,0.8088,0.7786,0.5806,1.3823,481591.122,478849.4635,212656.7496,20901054.6948,20782066.7159,0.0
002352.SZ,顺丰控股,20241024,43.15,0.3308,0.7448,0.52,25.2361,23.4414,2.3462,0.8042,0.7741,0.584,1.3903,481591.122,478849.4635,212656.7496,20780656.9143,20662354.35,0.0
002352.SZ,顺丰控股,20241023,43.3,0.6561,1.4773,1.1,25.3238,23.5229,2.3544,0.807,0.7768,0.582,1.3855,481591.122,478849.4635,212656.7496,20852895.5826,20734181.7696,0.0
002352.SZ,顺丰控股,20241022,43.39,0.6515,1.4669,1.06,25.3765,23.5718,2.3593,0.8086,0.7784,0.5808,1.3826,481591.122,478849.4635,212656.7496,20896238.7836,20777278.2213,0.0
002352.SZ,顺丰控股,20241021,42.3,0.7747,1.7445,1.15,24.739,22.9797,2.3,0.7883,0.7588,0.5957,1.4183,481591.122,478849.4635,212656.7496,20371304.4606,20255332.3061,0.0
002352.SZ,顺丰控股,20241018,42.52,0.6639,1.4949,0.92,24.8677,23.0992,2.312,0.7924,0.7628,0.5927,1.4109,481591.122,478849.4635,212656.7496,20477254.5074,20360679.188,0.0
002352.SZ,顺丰控股,20241017,41.96,0.4197,0.9451,0.5,24.5401,22.795,2.2815,0.782,0.7527,0.6006,1.4298,481591.122,478849.4635,212656.7496,20207563.4791,20092523.4885,0.0
002352.SZ,顺丰控股,20241016,42.36,0.4738,1.0669,0.46,24.7741,23.0123,2.3033,0.7895,0.7599,0.5949,1.4163,481591.122,478849.4635,212656.7496,20400199.9279,20284063.2739,0.0
002352.SZ,顺丰控股,20241015,42.48,0.7461,1.6801,0.5,24.8443,23.0775,2.3098,0.7917,0.7621,0.5932,1.4123,481591.122,478849.4635,212656.7496,20457990.8626,20341525.2095,0.0
002352.SZ,顺丰控股,20241014,43.48,1.0712,2.4122,0.66,25.4291,23.6207,2.3642,0.8103,0.78,0.5796,1.3798,481591.122,478849.4635,212656.7496,20939581.9846,20820374.673,0.0
002352.SZ,顺丰控股,20241011,41.73,0.8782,1.9775,0.52,24.4056,22.67,2.269,0.7777,0.7486,0.6039,1.4376,481591.122,478849.4635,212656.7496,20096797.5211,19982388.1119,0.0
002352.SZ,顺丰控股,20241010,41.65,1.012,2.2788,0.63,24.3588,22.6266,2.2646,0.7762,0.7472,0.605,1.4404,481591.122,478849.4635,212656.7496,20058270.2313,19944080.1548,0.0
002352.SZ,顺丰控股,20241009,41.05,1.4911,3.3575,1.07,24.0079,22.3006,2.232,0.765,0.7364,0.6139,1.4615,481591.122,478849.4635,212656.7496,19769315.5581,19656770.4767,0.0
002352.SZ,顺丰控股,20241008,44.65,2.9609,6.6673,3.35,26.1134,24.2563,2.4278,0.8321,0.801,0.5644,1.3436,481591.122,478849.4635,212656.7496,21503043.5973,21380628.5453,0.0
002352.SZ,顺丰控股,20240930,44.98,1.7969,4.0461,3.11,26.3064,24.4356,2.4457,0.8383,0.8069,0.5603,1.3338,481591.122,478849.4635,212656.7496,21661968.6676,21538648.8682,0.0
002352.SZ,顺丰控股,20240927,42.68,1.1385,2.5636,2.57,24.9612,23.1861,2.3207,0.7954,0.7657,0.5904,1.4056,481591.122,478849.4635,212656.7496,20554309.087,20437295.1022,0.0
002352.SZ,顺丰控股,20240926,40.56,0.6292,1.4168,1.66,23.7214,22.0344,2.2054,0.7559,0.7276,0.6213,1.4791,481591.122,478849.4635,212656.7496,19533335.9083,19422134.2396,0.0
002352.SZ,顺丰控股,20240925,38.55,0.4173,0.9397,1.25,22.5458,20.9425,2.0961,0.7184,0.6916,0.6537,1.5562,481591.122,478849.4635,212656.7496,18565337.7531,18459646.8179,0.0
002352.SZ,顺丰控股,20240924,38.25,0.4383,0.9868,1.56,22.3704,20.7795,2.0798,0.7129,0.6862,0.6588,1.5684,481591.122,478849.4635,212656.7496,18420860.4165,18315991.9789,0.0
002352.SZ,顺丰控股,20240923,37.56,0.2638,0.594,1.0,21.9668,20.4046,2.0423,0.7,0.6738,0.6709,1.5973,481591.122,478849.4635,212656.7496,18088562.5423,17985585.8491,0.0
002352.SZ,顺丰控股,20240920,37.56,0.4644,1.0456,2.32,21.9668,20.4046,2.0423,0.7,0.6738,0.6709,1.5973,481591.122,478849.4635,212656.7496,18088562.5423,17985585.8491,0.0
002352.SZ,顺丰控股,20240919,36.92,0.317,0.7139,1.9,21.5925,20.057,2.0075,0.6881,0.6623,0.6826,1.6249,481591.122,478849.4635,212656.7496,17780344.2242,17679122.1924,0.0
002352.SZ,顺丰控股,20240918,36.59,0.1824,0.4106,1.06,21.3995,19.8777,1.9895,0.6819,0.6564,0.6887,1.6396,481591.122,478849.4635,212656.7496,17621419.154,17521101.8695,0.0
002352.SZ,顺丰控股,20240913,36.12,0.1771,0.3987,1.02,21.1246,19.6224,1.964,0.6732,0.648,0.6977,1.6609,481591.122,478849.4635,212656.7496,17395071.3266,17296042.6216,0.0
002352.SZ,顺丰控股,20240912,36.29,0.1761,0.3965,0.91,21.2241,19.7147,1.9732,0.6763,0.651,0.6944,1.6532,481591.122,478849.4635,212656.7496,17476941.8174,17377447.0304,0.0
002352.SZ,顺丰控股,20240911,36.47,0.1495,0.3365,0.62,21.3293,19.8125,1.983,0.6797,0.6543,0.691,1.645,481591.122,478849.4635,212656.7496,17563628.2193,17463639.9338,0.0
002352.SZ,顺丰控股,20240910,36.23,0.1513,0.3406,0.53,21.189,19.6821,1.9699,0.6752,0.6499,0.6956,1.6559,481591.122,478849.4635,212656.7496,17448046.3501,17348716.0626,0.0
002352.SZ,顺丰控股,20240909,36.15,0.2042,0.4597,0.67,21.1422,19.6387,1.9656,0.6737,0.6485,0.6971,1.6596,481591.122,478849.4635,212656.7496,17409519.0603,17310408.1055,0.0
002352.SZ,顺丰控股,20240906,36.33,0.1841,0.4145,0.49,21.2475,19.7364,1.9754,0.6771,0.6517,0.6936,1.6513,481591.122,478849.4635,212656.7496,17496205.4623,17396601.009,0.0
002352.SZ,顺丰控股,20240905,36.68,0.2779,0.6257,0.62,21.4522,19.9266,1.9944,0.6836,0.658,0.687,1.6356,481591.122,478849.4635,212656.7496,17664762.355,17564198.3212,0.0
002352.SZ,顺丰控股,20240904,37.0,0.3954,0.8903,0.94,21.6393,20.1004,2.0118,0.6896,0.6638,0.6811,1.6214,481591.122,478849.4635,212656.7496,17818871.514,17717430.1495,0.0
002352.SZ,顺丰控股,20240903,37.21,0.3558,0.8011,0.93,21.7621,20.2145,2.0232,0.6935,0.6675,0.6772,1.6123,481591.122,478849.4635,212656.7496,17920005.6496,17817988.5368,0.0
002352.SZ,顺丰控股,20240902,36.25,0.3029,0.682,0.87,21.2007,19.693,1.971,0.6756,0.6503,0.6952,1.655,481591.122,478849.4635,212656.7496,17457678.1725,17358293.0519,0.0
002352.SZ,顺丰控股,20240830,36.35,0.5307,1.1951,1.97,21.2592,19.7473,1.9765,0.6774,0.6521,0.6933,1.6504,481591.122,478849.4635,212656.7496,17505837.2847,17406177.9982,0.0
002352.SZ,顺丰控股,20240829,35.64,0.6615,1.4896,4.08,20.8439,19.3616,1.9379,0.6642,0.6394,0.7071,1.6833,481591.122,478849.4635,212659.7996,17163907.5881,17066194.8791,0.0
002352.SZ,顺丰控股,20240828,33.23,0.262,0.59,2.05,19.4344,18.9926,1.8967,0.6193,0.6092,0.7584,1.8054,481591.122,478852.5135,212659.7996,16003272.9841,15912269.0236,0.0
002352.SZ,顺丰控股,20240827,33.99,0.1642,0.3697,1.4,19.8789,19.4269,1.9401,0.6335,0.6231,0.7414,1.765,481591.122,478852.5135,212659.7996,16369282.2368,16276196.9339,0.0
002352.SZ,顺丰控股,20240826,34.5,0.1153,0.2596,0.97,20.1772,19.7184,1.9692,0.643,0.6325,0.7304,1.7389,481591.122,478852.5135,212659.7996,16614893.709,16520411.7158,0.0
002352.SZ,顺丰控股,20240823,34.57,0.142,0.3198,1.21,20.2181,19.7584,1.9732,0.6443,0.6337,0.729,1.7354,481591.122,478852.5135,212659.7996,16648605.0875,16553931.3917,0.0
002352.SZ,顺丰控股,20240822,34.07,0.1274,0.2869,1.02,19.9257,19.4727,1.9447,0.635,0.6246,0.7397,1.7609,481591.122,478852.5135,212659.7996,16407809.5265,16314505.1349,0.0
002352.SZ,顺丰控股,20240821,34.28,0.091,0.2049,0.68,20.0485,19.5927,1.9566,0.6389,0.6284,0.7351,1.7501,481591.122,478852.5135,212659.7996,16508943.6622,16415064.1628,0.0
002352.SZ,顺丰控股,20240820,34.2,0.1121,0.2524,0.78,20.0017,19.547,1.9521,0.6374,0.627,0.7368,1.7542,481591.122,478852.5135,212659.7996,16470416.3724,16376755.9617,0.0
002352.SZ,顺丰控股,20240819,34.34,0.1237,0.2785,0.9,20.0836,19.627,1.9601,0.64,0.6295,0.7338,1.747,481591.122,478852.5135,212659.7996,16537839.1295,16443795.3136,0.0
002352.SZ,顺丰控股,20240816,34.63,0.1345,0.3028,1.04,20.2532,19.7927,1.9766,0.6454,0.6348,0.7277,1.7324,481591.122,478852.5135,212659.7996,16677500.5549,16582662.5425,0.0
002352.SZ,顺丰控股,20240815,34.37,0.163,0.3671,1.17,20.1012,19.6441,1.9618,0.6405,0.6301,0.7332,1.7455,481591.122,478852.5135,212659.7996,16552286.8631,16458160.889,0.0
002352.SZ,顺丰控股,20240814,33.75,0.1309,0.2947,0.93,19.7386,19.2898,1.9264,0.629,0.6187,0.7467,1.7776,481591.122,478852.5135,212659.7996,16253700.3675,16161272.3306,0.0
002352.SZ,顺丰控股,20240813,34.1,0.1627,0.3663,1.15,19.9433,19.4898,1.9464,0.6355,0.6251,0.739,1.7593,481591.122,478852.5135,212659.7996,16422257.2602,16328870.7104,0.0
002352.SZ,顺丰控股,20240812,34.52,0.0944,0.2125,0.57,20.1889,19.7299,1.9703,0.6433,0.6328,0.73,1.7379,481591.122,478852.5135,212659.7996,16624525.5314,16529988.766,0.0
002352.SZ,顺丰控股,20240809,34.91,0.0975,0.2195,0.57,20.417,19.9528,1.9926,0.6506,0.64,0.7219,1.7185,481591.122,478852.5135,212659.7996,16812346.069,16716741.2463,0.0
002352.SZ,顺丰控股,20240808,35.24,0.2115,0.4762,1.3,20.61,20.1414,2.0114,0.6568,0.646,0.7151,1.7024,481591.122,478852.5135,212659.7996,16971271.1393,16874762.5757,0.0
002352.SZ,顺丰控股,20240807,34.65,0.1402,0.3156,0.69,20.2649,19.8042,1.9778,0.6458,0.6352,0.7273,1.7314,481591.122,478852.5135,212659.7996,16687132.3773,16592239.5928,0.0
002352.SZ,顺丰控股,20240806,34.5,0.1644,0.3701,0.74,20.1772,19.7184,1.9692,0.643,0.6325,0.7304,1.7389,481591.122,478852.5135,212659.7996,16614893.709,16520411.7158,0.0
002352.SZ,顺丰控股,20240805,34.42,0.2149,0.4838,0.97,20.1304,19.6727,1.9646,0.6415,0.631,0.7321,1.743,481591.122,478852.5135,212659.7996,16576366.4192,16482103.5147,0.0
002352.SZ,顺丰控股,20240802,34.41,0.1197,0.2696,0.51,20.1246,19.667,1.9641,0.6413,0.6308,0.7323,1.7435,481591.122,478852.5135,212659.7996,16571550.508,16477314.9895,0.0
002352.SZ,顺丰控股,20240801,34.66,0.177,0.3986,0.77,20.2708,19.8099,1.9783,0.6459,0.6354,0.7271,1.7309,481591.122,478852.5135,212659.7996,16691948.2885,16597028.1179,0.0
002352.SZ,顺丰控股,20240731,35.05,0.3441,0.7748,1.74,20.4989,20.0328,2.0006,0.6532,0.6425,0.719,1.7116,481591.122,478852.5135,212659.7996,16879768.8261,16783780.5982,0.0
002352.SZ,顺丰控股,20240730,33.77,0.2553,0.5749,1.37,19.7503,19.3012,1.9275,0.6294,0.6191,0.7462,1.7765,481591.122,478852.5135,212659.7996,16263332.1899,16170849.3809,0.0
002352.SZ,顺丰控股,20240729,34.25,0.2071,0.4664,1.1,20.031,19.5755,1.9549,0.6383,0.6279,0.7358,1.7516,481591.122,478852.5135,212659.7996,16494495.9285,16400698.5874,0.0
002352.SZ,顺丰控股,20240726,34.96,0.19,0.4279,0.96,20.4462,19.9813,1.9955,0.6515,0.6409,0.7208,1.716,481591.122,478852.5135,212659.7996,16836425.6251,16740683.872,0.0
002352.SZ,顺丰控股,20240725,35.27,0.1584,0.3567,0.72,20.6275,20.1585,2.0132,0.6573,0.6466,0.7145,1.701,481591.122,478852.5135,212659.7996,16985718.8729,16889128.1511,0.0
002352.SZ,顺丰控股,20240724,35.27,0.1771,0.3988,0.68,20.6275,20.1585,2.0132,0.6573,0.6466,0.7145,1.701,481591.122,478852.5135,212659.7996,16985718.8729,16889128.1511,0.0
002352.SZ,顺丰控股,20240723,35.65,0.2,0.4504,0.78,20.8498,20.3757,2.0348,0.6644,0.6535,0.7069,1.6828,481591.122,478852.5135,212659.7996,17168723.4993,17071092.1063,0.0
002352.SZ,顺丰控股,20240722,36.31,0.2182,0.4913,0.87,21.2358,20.7529,2.0725,0.6767,0.6656,0.694,1.6522,481591.122,478852.5135,212659.7996,17486573.6398,17387134.7652,0.0
002352.SZ,顺丰控股,20240719,36.28,0.2362,0.5319,0.97,21.2182,20.7358,2.0708,0.6761,0.6651,0.6946,1.6536,481591.122,478852.5135,212659.7996,17472125.9062,17372769.1898,0.0
002352.SZ,顺丰控股,20240718,35.97,0.271,0.6102,1.18,21.0369,20.5586,2.0531,0.6704,0.6594,0.7006,1.6679,481591.122,478852.5135,212659.7996,17322832.6583,17224324.9106,0.0
002352.SZ,顺丰控股,20240717,35.61,0.3787,0.8528,1.83,20.8264,20.3529,2.0326,0.6637,0.6528,0.7077,1.6847,481591.122,478852.5135,212659.7996,17149459.8544,17051938.0057,0.0
002352.SZ,顺丰控股,20240716,34.72,0.1807,0.407,0.83,20.3059,19.8442,1.9818,0.6471,0.6365,0.7258,1.7279,481591.122,478852.5135,212659.7996,16720843.7558,16625759.2687,0.0
002352.SZ,顺丰控股,20240715,34.7,0.1809,0.4074,0.83,20.2942,19.8327,1.9806,0.6467,0.6361,0.7262,1.7289,481591.122,478852.5135,212659.7996,16711211.9334,16616182.2185,0.0
002352.SZ,顺丰控股,20240712,35.04,0.2093,0.4714,0.92,20.493,20.0271,2.0,0.653,0.6424,0.7192,1.7121,481591.122,478852.5135,212659.7996,16874952.9149,16778992.073,0.0
002352.SZ,顺丰控股,20240711,35.1,0.1939,0.4366,0.85,20.5281,20.0614,2.0034,0.6541,0.6435,0.718,1.7092,481591.122,478852.5135,212659.7996,16903848.3822,16807723.2239,0.0
002352.SZ,顺丰控股,20240710,34.85,0.2674,0.6021,1.24,20.3819,19.9185,1.9892,0.6495,0.6389,0.7231,1.7215,481591.122,478852.5135,212659.7996,16783450.6017,16688010.0955,0.0
002352.SZ,顺丰控股,20240709,34.65,0.2371,0.534,1.18,20.2649,19.8042,1.9778,0.6458,0.6352,0.7273,1.7314,481591.122,478852.5135,212659.7996,16687132.3773,16592239.5928,0.0
002352.SZ,顺丰控股,20240708,34.42,0.18,0.4054,0.85,20.1304,19.6727,1.9646,0.6415,0.631,0.7321,1.743,481591.122,478852.5135,212659.7996,16576366.4192,16482103.5147,0.0
002352.SZ,顺丰控股,20240705,34.42,0.2643,0.5952,1.32,20.1304,19.6727,1.9646,0.6415,0.631,0.7321,1.743,481591.122,478852.5135,212659.7996,16576366.4192,16482103.5147,0.0
002352.SZ,顺丰控股,20240704,34.42,0.1861,0.419,0.93,20.1304,19.6727,1.9646,0.6415,0.631,0.7321,1.743,481591.122,478852.5135,212659.7996,16576366.4192,16482103.5147,0.0
002352.SZ,顺丰控股,20240703,34.42,0.2106,0.4743,1.08,20.1304,19.6727,1.9646,0.6415,0.631,0.7321,1.743,481591.122,478852.5135,212659.7996,16576366.4192,16482103.5147,0.0
002352.SZ,顺丰控股,20240702,34.9,0.1638,0.3689,0.73,20.4111,19.9471,1.992,0.6504,0.6398,0.7221,1.719,481591.122,478852.5135,212659.7996,16807530.1578,16711952.7212,0.0
002352.SZ,顺丰控股,20240701,35.3,0.2382,0.5364,1.06,20.6451,20.1757,2.0149,0.6579,0.6471,0.7139,1.6995,481591.122,478852.5135,212659.7996,17000166.6066,16903493.7266,0.0
002352.SZ,顺丰控股,20240628,35.69,0.2023,0.4556,0.84,20.8732,20.3986,2.0371,0.6651,0.6543,0.7061,1.6809,481591.122,478852.5135,212659.7996,17187987.1442,17090246.2068,0.0
002352.SZ,顺丰控股,20240627,35.22,0.1834,0.4131,0.74,20.5983,20.13,2.0103,0.6564,0.6457,0.7155,1.7034,481591.122,478852.5135,212659.7996,16961639.3168,16865185.5255,0.0
002352.SZ,顺丰控股,20240626,35.75,0.1848,0.4161,0.75,20.9082,20.4329,2.0405,0.6663,0.6554,0.7049,1.6781,481591.122,478852.5135,212659.7996,17216882.6115,17118977.3576,0.0
002352.SZ,顺丰控股,20240625,35.52,0.3098,0.6976,1.31,20.7737,20.3014,2.0274,0.662,0.6512,0.7095,1.689,481591.122,478852.5135,212659.7996,17106116.6534,17008841.2795,0.0
002352.SZ,顺丰控股,20240624,35.3,0.2426,0.5462,1.02,20.6451,20.1757,2.0149,0.6579,0.6471,0.7139,1.6995,481591.122,478852.5135,212659.7996,17000166.6066,16903493.7266,0.0
002352.SZ,顺丰控股,20240621,35.9,0.286,0.6311,1.2,21.3417,20.8564,1.9886,0.6801,0.669,0.6906,1.644,489520.2373,486781.6288,220588.9149,17573776.5191,17475460.4739,0.0
002352.SZ,顺丰控股,20240620,36.09,0.2101,0.4637,0.84,21.4546,20.9668,1.9991,0.6837,0.6725,0.6869,1.6354,489520.2373,486781.6288,220588.9149,17666785.3642,17567948.9834,0.0
002352.SZ,顺丰控股,20240619,36.38,0.1784,0.3938,0.72,21.627,21.1353,2.0152,0.6892,0.6779,0.6815,1.6224,489520.2373,486781.6288,220588.9149,17808746.233,17709115.6557,0.0
002352.SZ,顺丰控股,20240618,36.13,0.2496,0.5508,0.99,21.4784,20.9901,2.0013,0.6844,0.6732,0.6862,1.6336,489520.2373,486781.6288,220588.9149,17686366.1736,17587420.2485,0.0
002352.SZ,顺丰控股,20240617,36.54,0.2401,0.5299,0.86,21.7221,21.2282,2.024,0.6922,0.6809,0.6785,1.6153,489520.2373,486781.6288,220588.9149,17887069.4709,17787000.7164,0.0
002352.SZ,顺丰控股,20240614,36.69,0.3174,0.7005,1.15,21.8113,21.3154,2.0323,0.695,0.6837,0.6757,1.6086,489520.2373,486781.6288,220588.9149,17960497.5065,17860017.9607,0.0
002352.SZ,顺丰控股,20240613,36.5,0.2615,0.5771,0.99,21.6983,21.205,2.0218,0.6914,0.6801,0.6792,1.617,489520.2373,486781.6288,220588.9149,17867488.6615,17767529.4512,0.0
002352.SZ,顺丰控股,20240612,37.3,0.1651,0.3644,0.59,22.1739,21.6698,2.0661,0.7066,0.695,0.6647,1.5823,489520.2373,486781.6288,220588.9149,18259104.8513,18156954.7542,0.0
002352.SZ,顺丰控股,20240611,37.09,0.2728,0.6021,0.94,22.0491,21.5478,2.0545,0.7026,0.6911,0.6684,1.5913,489520.2373,486781.6288,220588.9149,18156305.6015,18054730.6122,0.0
002352.SZ,顺丰控股,20240607,37.86,0.3756,0.8289,1.39,22.5068,21.9951,2.0971,0.7172,0.7055,0.6548,1.5589,489520.2373,486781.6288,220588.9149,18533236.1842,18429552.4664,0.0
002352.SZ,顺丰控股,20240606,37.33,0.3103,0.6849,1.13,22.1918,21.6872,2.0678,0.7072,0.6956,0.6641,1.5811,489520.2373,486781.6288,220588.9149,18273790.4584,18171558.2031,0.0
002352.SZ,顺丰控股,20240605,37.71,0.1998,0.4409,0.73,22.4177,21.908,2.0888,0.7144,0.7027,0.6574,1.5651,489520.2373,486781.6288,220588.9149,18459808.1486,18356535.222,0.0
002352.SZ,顺丰控股,20240604,37.62,0.2508,0.5534,0.93,22.3642,21.8557,2.0839,0.7127,0.701,0.659,1.5689,489520.2373,486781.6288,220588.9149,18415751.3272,18312724.8755,0.0
002352.SZ,顺丰控股,20240603,37.25,0.3086,0.6809,1.13,22.1442,21.6407,2.0634,0.7056,0.6941,0.6656,1.5845,489520.2373,486781.6288,220588.9149,18234628.8394,18132615.6728,0.0
002352.SZ,顺丰控股,20240531,36.85,0.2853,0.6295,1.02,21.9064,21.4083,2.0412,0.6981,0.6867,0.6728,1.6017,489520.2373,486781.6288,220588.9149,18038820.7445,17937903.0213,0.0
002352.SZ,顺丰控股,20240530,36.95,0.3289,0.7258,1.18,21.9659,21.4664,2.0467,0.7,0.6885,0.671,1.5973,489520.2373,486781.6288,220588.9149,18087772.7682,17986581.1842,0.0
002352.SZ,顺丰控股,20240529,37.55,0.1978,0.4364,0.65,22.3225,21.815,2.08,0.7113,0.6997,0.6602,1.5718,489520.2373,486781.6288,220588.9149,18381484.9106,18278650.1614,0.0
002352.SZ,顺丰控股,20240528,37.64,0.2275,0.502,0.6,22.376,21.8673,2.085,0.713,0.7014,0.6587,1.568,489520.2373,486781.6288,220588.9149,18425541.732,18322460.508,0.0
002352.SZ,顺丰控股,20240527,38.0,0.3228,0.7124,0.77,22.5901,22.0764,2.1049,0.7199,0.7081,0.6524,1.5532,489520.2373,486781.6288,220588.9149,18601769.0174,18497701.8944,0.0
002352.SZ,顺丰控股,20240524,37.98,0.3225,0.7117,0.65,22.5782,22.0648,2.1038,0.7195,0.7077,0.6528,1.554,489520.2373,486781.6288,220588.9149,18591978.6127,18487966.2618,0.0
002352.SZ,顺丰控股,20240523,38.52,0.3203,0.7069,0.64,22.8992,22.3785,2.1337,0.7297,0.7178,0.6436,1.5322,489520.2373,486781.6288,220588.9149,18856319.5408,18750828.3414,0.0
002352.SZ,顺丰控股,20240522,38.52,0.3198,0.7058,0.65,22.8992,22.3785,2.1337,0.7297,0.7178,0.6436,1.5322,489520.2373,486781.6288,220588.9149,18856319.5408,18750828.3414,0.0
002352.SZ,顺丰控股,20240521,39.06,0.613,1.3526,1.32,23.2202,22.6923,2.1636,0.7399,0.7278,0.6347,1.511,489520.2373,486781.6288,220588.9149,19120660.4689,19013690.4209,0.0
002352.SZ,顺丰控股,20240520,38.29,0.5072,1.1193,1.15,22.7625,22.2449,2.121,0.7254,0.7135,0.6475,1.5414,489520.2373,486781.6288,220588.9149,18743729.8862,18638868.5668,0.0
002352.SZ,顺丰控股,20240517,37.96,0.7306,1.6123,2.11,22.5663,22.0532,2.1027,0.7191,0.7073,0.6531,1.5548,489520.2373,486781.6288,220588.9149,18582188.2079,18478230.6292,0.0
002352.SZ,顺丰控股,20240516,36.38,0.3366,0.7427,0.91,21.627,21.1353,2.0152,0.6892,0.6779,0.6815,1.6224,489520.2373,486781.6288,220588.9149,17808746.233,17709115.6557,0.0
002352.SZ,顺丰控股,20240515,36.66,0.2772,0.6116,0.73,21.7935,21.298,2.0307,0.6945,0.6831,0.6763,1.61,489520.2373,486781.6288,220588.9149,17945811.8994,17845414.5118,0.0
002352.SZ,顺丰控股,20240514,37.25,0.4766,1.0518,1.26,22.1442,21.6407,2.0634,0.7056,0.6941,0.6656,1.5845,489520.2373,486781.6288,220588.9149,18234628.8394,18132615.6728,0.0
002352.SZ,顺丰控股,20240513,37.3,0.3876,0.8553,0.91,22.1739,21.6698,2.0007,0.7066,0.695,0.6647,,489520.2373,486781.6288,220588.9149,18259104.8513,18156954.7542,0.0
002352.SZ,顺丰控股,20240510,37.74,0.2571,0.5672,0.54,22.4355,21.9254,2.0243,0.7149,0.7032,0.6569,0.6569,489520.2373,486781.6288,220588.9149,18474493.7557,18371138.6709,0.0
002352.SZ,顺丰控股,20240509,37.65,0.4605,1.0162,0.93,22.382,21.8731,2.0195,0.7132,0.7016,0.6585,0.6585,489520.2373,486781.6288,220588.9149,18430436.9343,18327328.3243,0.0
002352.SZ,顺丰控股,20240508,36.87,0.3189,0.7037,0.58,21.9183,21.42,1.9777,0.6985,0.687,0.6724,0.6724,489520.2373,486781.6288,220588.9149,18048611.1493,17947638.6539,0.0
002352.SZ,顺丰控股,20240507,37.31,0.4631,1.022,0.83,22.1799,21.6756,2.0013,0.7068,0.6952,0.6645,0.6645,489520.2373,486781.6288,220588.9149,18264000.0537,18161822.5705,0.0
002352.SZ,顺丰控股,20240506,37.14,0.6375,1.4069,1.29,22.0788,21.5768,1.9921,0.7036,0.6921,0.6675,0.6675,489520.2373,486781.6288,220588.9149,18180781.6133,18079069.6936,0.0
002352.SZ,顺丰控股,20240430,36.25,0.4966,1.0958,1.1,21.5497,21.0598,1.9444,0.6867,0.6755,0.6839,0.6839,489520.2373,486781.6288,220588.9149,17745108.6021,17645834.044,0.0
002352.SZ,顺丰控股,20240429,36.42,0.5647,1.2462,1.21,21.6508,21.6508,1.9214,0.6899,0.6899,0.6807,0.6807,489520.2373,486781.6288,220588.9149,17828327.0425,17728586.9209,0.0
002352.SZ,顺丰控股,20240426,36.34,0.5639,1.2443,1.3,21.6032,21.6032,1.9171,0.6884,0.6884,0.6822,0.6822,489520.2373,486781.6288,220588.9149,17789165.4235,17689644.3906,0.0
002352.SZ,顺丰控股,20240425,36.09,0.5342,1.1789,1.29,21.4546,21.4546,1.9039,0.6837,0.6837,0.6869,0.6869,489520.2373,486781.6288,220588.9149,17666785.3642,17567948.9834,0.0
002352.SZ,顺丰控股,20240424,35.09,0.3197,0.7055,0.73,20.8601,20.8601,1.8512,0.6647,0.6647,0.7065,0.7065,489520.2373,486781.6288,220588.9149,17177265.1269,17081167.3546,0.0
002352.SZ,顺丰控股,20240423,35.39,0.2837,0.6261,0.63,21.0385,21.0385,1.867,0.6704,0.6704,0.7005,0.7005,489520.2373,486781.6288,220588.9149,17324121.198,17227201.8432,0.0
002352.SZ,顺丰控股,20240422,35.61,0.6256,1.3805,1.53,21.1693,21.1693,1.8786,0.6746,0.6746,0.6962,0.6962,489520.2373,486781.6288,220588.9149,17431815.6503,17334293.8016,0.0
002352.SZ,顺丰控股,20240419,34.4,0.4134,0.9122,1.05,20.4499,20.4499,1.8148,0.6517,0.6517,0.7207,0.7207,489520.2373,486781.6288,220588.9149,16839496.1631,16745288.0307,0.0
002352.SZ,顺丰控股,20240418,34.9,0.4257,0.9394,1.14,20.7472,20.7472,1.8412,0.6611,0.6611,0.7104,0.7104,489520.2373,486781.6288,220588.9149,17084256.2818,16988678.8451,0.0
002352.SZ,顺丰控股,20240417,34.85,0.4283,0.9451,1.19,20.7175,20.7175,1.8385,0.6602,0.6602,0.7114,0.7114,489520.2373,486781.6288,220588.9149,17059780.2699,16964339.7637,0.0
002352.SZ,顺丰控股,20240416,34.17,0.346,0.7635,0.99,20.3132,20.3132,1.8027,0.6473,0.6473,0.7255,0.7255,489520.2373,486781.6288,220588.9149,16726906.5085,16633328.2561,0.0
002352.SZ,顺丰控股,20240415,34.84,0.4301,0.9492,1.26,20.7115,20.7115,1.838,0.66,0.66,0.7116,0.7116,489520.2373,486781.6288,220588.9149,17054885.0675,16959471.9474,0.0
002352.SZ,顺丰控股,20240412,34.29,0.3472,0.7663,1.0,20.3846,20.3846,1.809,0.6496,0.6496,0.723,0.723,489520.2373,486781.6288,220588.9149,16785648.937,16691742.0516,0.0
002352.SZ,顺丰控股,20240411,34.13,0.3207,0.7077,0.82,20.2894,20.2894,1.8005,0.6465,0.6465,0.7264,0.7264,489520.2373,486781.6288,220588.9149,16707325.699,16613856.9909,0.0
002352.SZ,顺丰控股,20240410,34.43,0.3604,0.7952,0.86,20.4678,20.4678,1.8164,0.6522,0.6522,0.7201,0.7201,489520.2373,486781.6288,220588.9149,16854181.7702,16759891.4796,0.0
002352.SZ,顺丰控股,20240409,34.86,0.2905,0.641,0.65,20.7234,20.7234,1.8391,0.6604,0.6604,0.7112,0.7112,489520.2373,486781.6288,220588.9149,17064675.4723,16969207.58,0.0
002352.SZ,顺丰控股,20240408,34.84,0.3898,0.8601,0.82,20.7115,20.7115,1.838,0.66,0.66,0.7116,0.7116,489520.2373,486781.6288,220588.9149,17054885.0675,16959471.9474,0.0
002352.SZ,顺丰控股,20240403,35.34,0.3722,0.8212,0.6,21.0088,21.0088,1.8644,0.6695,0.6695,0.7015,0.7015,489520.2373,486781.6288,220588.9149,17299645.1862,17202862.7618,0.0
002352.SZ,顺丰控股,20240402,35.76,0.5367,1.1843,0.98,21.2584,21.2584,1.8865,0.6774,0.6774,0.6933,0.6933,489520.2373,486781.6288,220588.9149,17505243.6858,17407311.0459,0.0
002352.SZ,顺丰控股,20240401,36.52,0.5125,1.131,1.05,21.7102,21.7102,1.9266,0.6918,0.6918,0.6789,0.6789,489520.2373,486781.6288,220588.9149,17877279.0662,17777265.0838,0.0
002352.SZ,顺丰控股,20240329,36.4,0.4319,0.9531,0.96,21.6389,21.6389,1.9203,0.6895,0.6895,0.6811,0.6811,489520.2373,486781.6288,220588.9149,17818536.6377,17718851.2883,0.0
002352.SZ,顺丰控股,20240328,36.34,0.5159,1.1384,1.34,21.6032,21.6032,1.9171,0.6884,0.6884,0.6822,0.6822,489520.2373,486781.6288,220588.9149,17789165.4235,17689644.3906,0.0
002352.SZ,顺丰控股,20240327,36.38,1.0836,2.3913,4.75,21.627,21.627,1.9192,0.6892,0.6892,0.6815,0.6815,489520.2373,486781.6288,220588.9149,17808746.233,17709115.6557,0.0
002352.SZ,顺丰控股,20240326,37.94,0.2045,0.4513,0.91,30.0828,23.3138,2.0466,0.6943,0.7217,0.6535,0.6535,489520.2373,486781.6288,220588.9149,18572397.8032,18468494.9967,0.0
002352.SZ,顺丰控股,20240325,37.77,0.2003,0.442,0.85,29.948,23.2093,2.0374,0.6912,0.7184,0.6564,0.6564,489520.2373,486781.6288,220588.9149,18489179.3628,18385742.1198,0.0
002352.SZ,顺丰控股,20240322,38.04,0.2445,0.5396,1.09,30.1621,23.3753,2.052,0.6962,0.7236,0.6517,0.6517,489520.2373,486781.6288,220588.9149,18621349.8269,18517173.1596,0.0
002352.SZ,顺丰控股,20240321,38.77,0.1853,0.409,0.79,30.7409,23.8238,2.0914,0.7095,0.7375,0.6395,0.6395,489520.2373,486781.6288,220588.9149,18978699.6001,18872523.7486,0.0
002352.SZ,顺丰控股,20240320,39.23,0.3063,0.6759,1.33,31.1056,24.1065,2.1162,0.7179,0.7462,0.632,0.632,489520.2373,486781.6288,220588.9149,19203878.9093,19096443.2978,0.0
002352.SZ,顺丰控股,20240319,38.51,0.1831,0.4042,0.63,30.5347,23.6641,2.0774,0.7048,0.7325,0.6438,0.6438,489520.2373,486781.6288,220588.9149,18851424.3384,18745960.5251,0.0
002352.SZ,顺丰控股,20240318,38.94,0.2545,0.5616,0.83,30.8757,23.9283,2.1006,0.7126,0.7407,0.6367,0.6367,489520.2373,486781.6288,220588.9149,19061918.0405,18955276.6255,0.0
002352.SZ,顺丰控股,20240315,38.97,0.1937,0.4274,0.61,30.8995,23.9467,2.1022,0.7132,0.7413,0.6362,0.6362,489520.2373,486781.6288,220588.9149,19076603.6476,18969880.0743,0.0
002352.SZ,顺丰控股,20240314,38.69,0.2398,0.5291,0.73,30.6775,23.7747,2.0871,0.708,0.7359,0.6408,0.6408,489520.2373,486781.6288,220588.9149,18939537.9811,18833581.2183,0.0
002352.SZ,顺丰控股,20240313,38.95,0.2835,0.6256,0.89,30.8836,23.9344,2.1011,0.7128,0.7409,0.6365,0.6365,489520.2373,486781.6288,220588.9149,19066813.2428,18960144.4418,0.0
002352.SZ,顺丰控股,20240312,39.21,0.477,1.0526,1.63,31.0898,24.0942,2.1151,0.7176,0.7458,0.6323,0.6323,489520.2373,486781.6288,220588.9149,19194088.5045,19086707.6652,0.0
002352.SZ,顺丰控股,20240311,38.07,0.3412,0.7528,1.2,30.1859,23.3937,2.0536,0.6967,0.7241,0.6512,0.6512,489520.2373,486781.6288,220588.9149,18636035.434,18531776.6084,0.0
002352.SZ,顺丰控股,20240308,37.34,0.2514,0.5548,0.83,29.607,22.9451,2.0142,0.6833,0.7103,0.664,0.664,489520.2373,486781.6288,220588.9149,18278685.6608,18176426.0194,0.0
002352.SZ,顺丰控股,20240307,37.21,0.2892,0.6382,0.92,29.504,22.8652,2.0072,0.681,0.7078,0.6663,0.6663,489520.2373,486781.6288,220588.9149,18215048.0299,18113144.4076,0.0
002352.SZ,顺丰控股,20240306,37.6,0.2425,0.5352,0.7,29.8132,23.1049,2.0283,0.6881,0.7152,0.6594,0.6594,489520.2373,486781.6288,220588.9149,18405960.9225,18302989.2429,0.0
002352.SZ,顺丰控股,20240305,38.0,0.3405,0.7513,0.99,30.1304,23.3507,2.0498,0.6954,0.7228,0.6524,0.6524,489520.2373,486781.6288,220588.9149,18601769.0174,18497701.8944,0.0
002352.SZ,顺丰控股,20240304,37.89,0.2989,0.6595,0.92,30.0431,23.2831,2.0439,0.6934,0.7207,0.6543,0.6543,489520.2373,486781.6288,220588.9149,18547921.7913,18444155.9152,0.0
002352.SZ,顺丰控股,20240301,38.05,0.3356,0.7406,1.1,30.17,23.3814,2.0525,0.6963,0.7238,0.6516,0.6516,489520.2373,486781.6288,220588.9149,18626245.0293,18522040.9758,0.0
002352.SZ,顺丰控股,20240229,38.35,0.3537,0.7804,1.29,30.4079,23.5657,2.0687,0.7018,0.7295,0.6465,0.6465,489520.2373,486781.6288,220588.9149,18773101.1005,18668075.4645,0.0
002352.SZ,顺丰控股,20240228,38.0,0.3915,0.864,1.39,30.1304,23.3507,2.0498,0.6954,0.7228,0.6524,0.6524,489520.2373,486781.6288,220588.9149,18601769.0174,18497701.8944,0.0
002352.SZ,顺丰控股,20240227,38.81,0.3436,0.7583,1.29,30.7726,23.8484,2.0935,0.7102,0.7382,0.6388,0.6388,489520.2373,486781.6288,220588.9149,18998280.4096,18891995.0137,0.0
002352.SZ,顺丰控股,20240226,39.18,0.2008,0.4431,0.7,31.066,24.0758,2.1135,0.717,0.7453,0.6328,0.6328,489520.2373,486781.6288,220588.9149,19179402.8974,19072104.2164,0.0
002352.SZ,顺丰控股,20240223,39.35,0.2343,0.5171,0.73,31.2008,24.1802,2.1227,0.7201,0.7485,0.63,0.63,489520.2373,486781.6288,220588.9149,19262621.3378,19154857.0933,0.0
002352.SZ,顺丰控股,20240222,39.32,0.1967,0.434,0.53,31.177,24.1618,2.121,0.7196,0.7479,0.6305,0.6305,489520.2373,486781.6288,220588.9149,19247935.7306,19140253.6444,0.0
002352.SZ,顺丰控股,20240221,39.35,0.4363,0.9628,1.18,31.2008,24.1802,2.1227,0.7201,0.7485,0.63,0.63,489520.2373,486781.6288,220588.9149,19262621.3378,19154857.0933,0.0
002352.SZ,顺丰控股,20240220,38.27,0.2681,0.5916,0.63,30.3444,23.5166,2.0644,0.7004,0.7279,0.6478,0.6478,489520.2373,486781.6288,220588.9149,18733939.4815,18629132.9342,0.0
002352.SZ,顺丰控股,20240219,37.84,0.2969,0.6551,0.67,30.0035,23.2524,2.0412,0.6925,0.7198,0.6552,0.6552,489520.2373,486781.6288,220588.9149,18523445.7794,18419816.8338,0.0
002352.SZ,顺丰控股,20240208,37.55,0.3999,0.8824,0.92,29.7735,23.0742,2.0256,0.6872,0.7142,0.6602,0.6602,489520.2373,486781.6288,220588.9149,18381484.9106,18278650.1614,0.0
002352.SZ,顺丰控股,20240207,36.84,0.4652,1.0265,1.03,29.2106,22.6379,1.9873,0.6742,0.7007,0.673,0.673,489520.2373,486781.6288,220588.9149,18033925.5421,17933035.205,0.0
002352.SZ,顺丰控股,20240206,36.25,0.4262,0.9405,0.81,28.7428,22.2753,1.9554,0.6634,0.6895,0.6839,0.6839,489520.2373,486781.6288,220588.9149,17745108.6021,17645834.044,0.0
002352.SZ,顺丰控股,20240205,34.38,0.5279,1.165,1.13,27.26,21.1262,1.8546,0.6292,0.6539,0.7211,0.7211,489520.2373,486781.6288,220588.9149,16829705.7584,16735552.3981,
002352.SZ,顺丰控股,20240202,34.08,0.3871,0.8542,0.85,27.0222,20.9419,1.8384,0.6237,0.6482,0.7275,0.7275,489520.2373,486781.6288,220588.9149,16682849.6872,16589517.9095,0.0
002352.SZ,顺丰控股,20240201,34.71,0.3671,0.8101,0.82,27.5217,21.329,1.8724,0.6352,0.6602,0.7143,0.7143,489520.2373,486781.6288,220588.9149,16991247.4367,16896190.3356,0.0
002352.SZ,顺丰控股,20240131,35.22,0.5404,1.1924,1.33,27.9261,21.6424,1.8999,0.6445,0.6699,0.7039,0.7039,489520.2373,486781.6288,220588.9149,17240902.7577,17144448.9663,
002352.SZ,顺丰控股,20240130,34.41,0.8087,1.7876,2.46,27.2838,21.1447,1.8562,0.6297,0.6545,0.7205,0.7205,489520.2373,486111.8788,219919.1649,16844391.3655,16727109.7495,
002352.SZ,顺丰控股,20240129,36.85,0.2441,0.5395,0.7,29.2185,22.644,1.9878,0.6744,0.7009,0.6728,0.6728,489520.2373,486111.8788,219919.1649,18038820.7445,17913222.7338,
002352.SZ,顺丰控股,20240126,37.86,0.3198,0.707,0.94,30.0193,23.2646,2.0423,0.6929,0.7201,0.6548,0.6548,489520.2373,486111.8788,219919.1649,18533236.1842,18404195.7314,
002352.SZ,顺丰控股,20240125,38.42,0.3282,0.7255,0.94,30.4634,23.6088,2.0725,0.7031,0.7308,0.6453,0.6453,489520.2373,486111.8788,219919.1649,18807367.5171,18676418.3835,0.0
002352.SZ,顺丰控股,20240124,37.73,0.3291,0.7275,0.99,29.9163,23.1848,2.0353,0.6905,0.7177,0.6571,0.6571,489520.2373,486111.8788,219919.1649,18469598.5533,18341001.1871,0.0
002352.SZ,顺丰控股,20240123,37.28,0.4241,0.9375,1.42,29.5595,22.9082,2.011,0.6822,0.7091,0.665,0.665,489520.2373,486111.8788,219919.1649,18249314.4465,18122250.8417,0.0
002352.SZ,顺丰控股,20240122,37.66,0.3411,0.754,1.28,29.8608,23.1417,2.0315,0.6892,0.7163,0.6583,0.6583,489520.2373,486111.8788,219919.1649,18435332.1367,18306973.3556,
002352.SZ,顺丰控股,20240119,38.35,0.2794,0.6177,1.16,30.4079,23.5657,2.0687,0.7018,0.7295,0.6465,0.6465,489520.2373,486111.8788,219919.1649,18773101.1005,18642390.552,0.0
002352.SZ,顺丰控股,20240118,38.86,0.3789,0.8375,1.8,30.8123,23.8791,2.0962,0.7112,0.7392,0.638,0.638,489520.2373,486111.8788,219919.1649,19022756.4215,18890307.6102,0.0
002352.SZ,顺丰控股,20240117,38.7,0.2358,0.5212,1.13,30.6854,23.7808,2.0876,0.7082,0.7361,0.6406,0.6406,489520.2373,486111.8788,219919.1649,18944433.1835,18812529.7096,
002352.SZ,顺丰控股,20240116,39.3,0.2592,0.573,1.17,31.1611,24.1495,2.12,0.7192,0.7475,0.6308,0.6308,489520.2373,486111.8788,219919.1649,19238145.3259,19104196.8368,0.0
002352.SZ,顺丰控股,20240115,38.84,0.1797,0.3971,0.74,30.7964,23.8668,2.0952,0.7108,0.7388,0.6383,0.6383,489520.2373,486111.8788,219919.1649,19012966.0167,18880585.3726,
002352.SZ,顺丰控股,20240112,38.85,0.155,0.3426,0.57,30.8043,23.873,2.0957,0.711,0.739,0.6381,0.6381,489520.2373,486111.8788,219919.1649,19017861.2191,18885446.4914,
002352.SZ,顺丰控股,20240111,39.45,0.2199,0.4862,0.75,31.2801,24.2417,2.1281,0.722,0.7504,0.6284,0.6284,489520.2373,486111.8788,219919.1649,19311573.3615,19177113.6187,0.0
002352.SZ,顺丰控股,20240110,39.04,0.2306,0.5097,0.7,30.955,23.9897,2.1059,0.7145,0.7426,0.635,0.635,489520.2373,486111.8788,219919.1649,19110870.0642,18977807.7484,
002352.SZ,顺丰控股,20240109,38.96,0.3268,0.7223,0.96,30.8915,23.9406,2.1016,0.713,0.7411,0.6363,0.6363,489520.2373,486111.8788,219919.1649,19071708.4452,18938918.798,0.0
002352.SZ,顺丰控股,20240108,38.3,0.2826,0.6247,0.85,30.3682,23.535,2.066,0.7009,0.7285,0.6473,0.6473,489520.2373,486111.8788,219919.1649,18748625.0886,18618084.958,0.0
002352.SZ,顺丰控股,20240105,38.24,0.3073,0.6792,0.94,30.3207,23.4982,2.0628,0.6998,0.7274,0.6483,0.6483,489520.2373,486111.8788,219919.1649,18719253.8744,18588918.2453,
002352.SZ,顺丰控股,20240104,38.25,0.323,0.714,1.09,30.3286,23.5043,2.0633,0.7,0.7276,0.6482,0.6482,489520.2373,486111.8788,219919.1649,18724149.0767,18593779.3641,
002352.SZ,顺丰控股,20240103,38.79,0.4104,0.9072,1.74,30.7567,23.8361,2.0925,0.7099,0.7378,0.6391,0.6391,489520.2373,486111.8788,219919.1649,18988490.0049,18856279.7787,
002352.SZ,顺丰控股,20240102,39.2,0.371,0.8201,1.99,31.0818,24.0881,2.1146,0.7174,0.7456,0.6324,0.6324,489520.2373,486111.8788,219919.1649,19189193.3022,19055585.649,0.0
