ts_code,name,trade_date,close,turnover_rate,turnover_rate_f,volume_ratio,pe,pe_ttm,pb,ps,ps_ttm,dv_ratio,dv_ttm,total_share,float_share,free_share,total_mv,circ_mv,limit_status
600875.SH,东方电气,20241231,15.89,1.0828,2.1104,0.84,13.9526,15.18,1.2876,0.8316,0.7904,2.109,2.9893,311749.9457,202357.906,103826.6997,4953706.6372,3215467.1263,0.0
600875.SH,东方电气,20241230,16.04,1.1257,2.194,0.91,14.0843,15.3233,1.2998,0.8395,0.7979,2.0893,2.9613,311749.9457,202357.906,103826.6997,5000469.129,3245820.8122,0.0
600875.SH,东方电气,20241227,16.05,0.9985,1.9461,0.83,14.093,15.3329,1.3006,0.84,0.7984,2.088,2.9595,311749.9457,202357.906,103826.6997,5003586.6285,3247844.3913,0.0
600875.SH,东方电气,20241226,15.97,1.3855,2.7004,1.27,14.0228,15.2564,1.2941,0.8358,0.7944,2.0985,2.9743,311749.9457,202357.906,103826.6997,4978646.6328,3231655.7588,0.0
600875.SH,东方电气,20241225,15.88,2.0082,3.914,2.28,13.9438,15.1704,1.2868,0.8311,0.7899,2.1104,2.9912,311749.9457,202357.906,103826.6997,4950589.1377,3213443.5473,0.0
600875.SH,东方电气,20241224,15.36,0.9174,1.7881,1.09,13.4872,14.6737,1.2446,0.8039,0.7641,2.1818,3.0924,311749.9457,202357.906,103826.6997,4788479.166,3108217.4362,0.0
600875.SH,东方电气,20241223,15.09,0.8578,1.6718,1.08,13.2501,14.4157,1.2228,0.7898,0.7506,2.2208,3.1478,311749.9457,202357.906,103826.6997,4704306.6806,3053580.8015,0.0
600875.SH,东方电气,20241220,14.98,0.8798,1.7147,1.11,13.1535,14.3107,1.2139,0.784,0.7452,2.2371,3.1709,311749.9457,202357.906,103826.6997,4670014.1866,3031321.4319,0.0
600875.SH,东方电气,20241219,15.19,0.8013,1.5616,1.01,13.3379,14.5113,1.2309,0.795,0.7556,2.2062,3.1271,311749.9457,202357.906,103826.6997,4735481.6752,3073816.5921,0.0
600875.SH,东方电气,20241218,15.31,0.9532,1.8578,1.3,13.4433,14.6259,1.2406,0.8013,0.7616,2.1889,3.1025,311749.9457,202357.906,103826.6997,4772891.6687,3098099.5409,0.0
600875.SH,东方电气,20241217,15.15,0.7017,1.3676,0.86,13.3028,14.4731,1.2276,0.7929,0.7536,2.212,3.1353,311749.9457,202357.906,103826.6997,4723011.6774,3065722.2759,0.0
600875.SH,东方电气,20241216,15.08,0.6367,1.2409,0.72,13.2413,14.4062,1.222,0.7892,0.7501,2.2223,3.1499,311749.9457,202357.906,103826.6997,4701189.1812,3051557.2225,0.0
600875.SH,东方电气,20241213,15.2,0.8832,1.7214,1.01,13.3467,14.5208,1.2317,0.7955,0.7561,2.2048,3.125,311749.9457,202357.906,103826.6997,4738599.1746,3075840.1712,0.0
600875.SH,东方电气,20241212,15.47,0.7977,1.5547,0.95,13.5838,14.7788,1.2536,0.8096,0.7695,2.1663,3.0705,311749.9457,202357.906,103826.6997,4822771.66,3130476.8058,0.0
600875.SH,东方电气,20241211,15.37,0.6448,1.2567,0.73,13.496,14.6832,1.2455,0.8044,0.7646,2.1804,3.0904,311749.9457,202357.906,103826.6997,4791596.6654,3110241.0152,0.0
600875.SH,东方电气,20241210,15.38,1.0978,2.1396,1.3,13.5047,14.6928,1.2463,0.8049,0.7651,2.179,3.0884,311749.9457,202357.906,103826.6997,4794714.1649,3112264.5943,0.0
600875.SH,东方电气,20241209,15.39,1.0235,1.9938,1.22,13.5135,14.7023,1.2471,0.8055,0.7656,2.1775,3.0864,311749.9457,202357.906,103881.1997,4797831.6643,3114288.1733,0.0
600875.SH,东方电气,20241206,15.26,0.814,1.5857,0.96,13.3994,14.5782,1.2365,0.7987,0.7591,2.1961,3.1127,311749.9457,202357.906,103881.1997,4757304.1714,3087981.6456,0.0
600875.SH,东方电气,20241205,15.1,0.6334,1.2339,0.68,13.2589,14.4253,1.2236,0.7903,0.7511,2.2194,3.1457,311749.9457,202357.906,103881.1997,4707424.1801,3055604.3806,0.0
600875.SH,东方电气,20241204,15.12,0.8196,1.5966,0.8,13.2764,14.4444,1.2252,0.7913,0.7521,2.2164,3.1415,311749.9457,202357.906,103881.1997,4713659.179,3059651.5387,0.0
600875.SH,东方电气,20241203,15.33,0.9342,1.8198,0.91,13.4608,14.645,1.2422,0.8023,0.7626,2.1861,3.0985,311749.9457,202357.906,103881.1997,4779126.6676,3102146.699,0.0
600875.SH,东方电气,20241202,15.39,1.0032,1.9542,0.87,13.5135,14.7023,1.2471,0.8055,0.7656,2.1775,3.0864,311749.9457,202357.906,103881.1997,4797831.6643,3114288.1733,0.0
600875.SH,东方电气,20241129,15.18,0.8601,1.6754,0.58,13.3291,14.5017,1.2301,0.7945,0.7551,2.2077,3.1291,311749.9457,202357.906,103881.1997,4732364.1757,3071793.0131,0.0
600875.SH,东方电气,20241128,15.07,1.0644,2.0734,0.6,13.2325,14.3966,1.2212,0.7887,0.7496,2.2238,3.152,311749.9457,202357.906,103881.1997,4698071.6817,3049533.6434,0.0
600875.SH,东方电气,20241127,15.37,1.2365,2.4086,0.72,13.496,14.6832,1.2455,0.8044,0.7646,2.1804,3.0904,311749.9457,202357.906,103881.1997,4791596.6654,3110241.0152,0.0
600875.SH,东方电气,20241126,14.9,0.9604,1.8707,0.56,13.0833,14.2342,1.2074,0.7798,0.7412,2.2492,3.1879,311749.9457,202357.906,103881.1997,4645074.1909,3015132.7994,0.0
600875.SH,东方电气,20241125,15.13,1.6201,3.1559,1.01,13.2852,14.454,1.226,0.7919,0.7526,2.215,3.1395,311749.9457,202357.906,103881.1997,4716776.6784,3061675.1178,0.0
600875.SH,东方电气,20241122,15.45,2.591,5.0478,1.98,13.5662,14.7597,1.2519,0.8086,0.7685,2.1691,3.0744,311749.9457,202330.4059,103853.6996,4816536.6611,3126004.7712,0.0
600875.SH,东方电气,20241121,16.3,2.5177,4.9051,2.4,14.3126,15.5717,1.3208,0.8531,0.8108,2.056,2.9141,311749.9457,202330.4059,103853.6996,5081524.1149,3297985.6162,0.0
600875.SH,东方电气,20241120,15.88,0.9518,1.8544,0.88,13.9438,15.1704,1.2868,0.8311,0.7899,2.1104,2.9912,311749.9457,202330.4059,103853.6996,4950589.1377,3213006.8457,0.0
600875.SH,东方电气,20241119,15.9,0.8892,1.7323,0.64,13.9613,15.1896,1.2884,0.8321,0.7909,2.1077,2.9874,311749.9457,202330.4059,103853.6996,4956824.1366,3217053.4538,0.0
600875.SH,东方电气,20241118,15.72,1.0775,2.0992,0.75,13.8033,15.0176,1.2738,0.8227,0.782,2.1318,3.0216,311749.9457,202330.4059,103853.6996,4900709.1464,3180633.9807,0.0
600875.SH,东方电气,20241115,15.68,1.097,2.1372,0.7,13.7682,14.9794,1.2706,0.8206,0.78,2.1373,3.0293,311749.9457,202330.4059,103853.6996,4888239.1486,3172540.7645,0.0
600875.SH,东方电气,20241114,15.87,1.2333,2.4027,0.73,13.935,15.1609,1.286,0.8306,0.7894,2.1117,2.9931,311749.9457,202330.4059,103853.6996,4947471.6383,3210983.5416,0.0
600875.SH,东方电气,20241113,16.32,1.1385,2.218,0.61,14.3301,15.5908,1.3224,0.8541,0.8118,2.0535,2.9105,311749.9457,202330.4059,103853.6996,5087759.1138,3302032.2243,0.0
600875.SH,东方电气,20241112,16.32,2.3995,4.6747,1.34,14.3301,15.5908,1.3224,0.8541,0.8118,2.0535,2.9105,311749.9457,202330.4059,103853.6996,5087759.1138,3302032.2243,0.0
600875.SH,东方电气,20241111,16.32,1.3069,2.5462,0.69,14.3301,15.5908,1.3224,0.8541,0.8118,2.0535,2.9105,311749.9457,202330.4059,103853.6996,5087759.1138,3302032.2243,0.0
600875.SH,东方电气,20241108,16.22,1.7136,3.3384,0.91,14.2423,15.4953,1.3143,0.8489,0.8068,2.0661,2.9285,311749.9457,202330.4059,103853.6996,5056584.1193,3281799.1837,0.0
600875.SH,东方电气,20241107,16.29,1.8843,3.6711,0.91,14.3038,15.5621,1.32,0.8526,0.8103,2.0572,2.9159,311749.9457,202330.4059,103853.6996,5078406.6155,3295962.3121,0.0
600875.SH,东方电气,20241106,15.98,2.0407,3.9756,1.07,14.0316,15.266,1.2949,0.8363,0.7949,2.0972,2.9725,311749.9457,202330.4059,103853.6996,4981764.1323,3233239.8863,0.0
600875.SH,东方电气,20241105,16.05,2.0225,3.9404,1.15,14.093,15.3329,1.3006,0.84,0.7984,2.088,2.9595,311749.9457,202330.4059,103853.6996,5003586.6285,3247403.0147,0.0
600875.SH,东方电气,20241104,15.69,1.7523,3.4138,1.01,13.7769,14.9889,1.2714,0.8212,0.7805,2.1359,3.0274,311749.9457,202330.4059,103853.6996,4891356.648,3174564.0686,0.0
600875.SH,东方电气,20241101,15.35,1.7457,3.4011,0.97,13.4784,14.6641,1.2438,0.8034,0.7636,2.1832,3.0945,311749.9457,202330.4059,103853.6996,4785361.6665,3105771.7306,0.0
600875.SH,东方电气,20241031,15.77,2.832,5.5174,1.93,13.8472,15.0654,1.2779,0.8253,0.7845,2.1251,3.012,311749.9457,202330.4059,103853.6996,4916296.6437,3190750.501,0.0
600875.SH,东方电气,20241030,15.05,1.1846,2.3046,0.73,13.215,14.4823,1.2536,0.7877,0.743,2.2267,3.1561,311749.9457,202330.4059,103996.6296,4691836.6828,3045072.6088,0.0
600875.SH,东方电气,20241029,15.24,1.306,2.5409,0.75,13.3818,14.6652,1.2694,0.7976,0.7524,2.199,3.1168,311749.9457,202330.4059,103996.6296,4751069.1725,3083515.3859,0.0
600875.SH,东方电气,20241028,15.45,1.5668,3.0482,0.89,13.5662,14.8672,1.2869,0.8086,0.7627,2.1691,3.0744,311749.9457,202330.4059,103996.6296,4816536.6611,3126004.7712,0.0
600875.SH,东方电气,20241025,15.57,2.1171,4.1189,1.22,13.6716,14.9827,1.2969,0.8149,0.7686,2.1524,3.0507,311749.9457,202330.4059,103996.6296,4853946.6545,3150284.4199,0.0
600875.SH,东方电气,20241024,15.05,1.1757,2.2874,0.64,13.215,14.4823,1.2536,0.7877,0.743,2.2267,3.1561,311749.9457,202330.4059,103996.6296,4691836.6828,3045072.6088,0.0
600875.SH,东方电气,20241023,15.35,1.9239,3.7431,1.03,13.4784,14.771,1.2785,0.8034,0.7578,2.1832,3.0945,311749.9457,202330.4059,103996.6296,4785361.6665,3105771.7306,0.0
600875.SH,东方电气,20241022,15.3,1.96,3.8132,1.1,13.4345,14.7229,1.2744,0.8007,0.7553,2.1904,3.1046,311749.9457,202330.4059,103996.6296,4769774.1692,3095655.2103,0.0
600875.SH,东方电气,20241021,14.8,1.6264,3.1643,0.93,12.9955,14.2418,1.2327,0.7746,0.7306,2.2644,3.2095,311749.9457,202330.4059,103996.6296,4613899.1964,2994490.0073,0.0
600875.SH,东方电气,20241018,14.79,1.9782,3.8487,1.22,12.9867,14.2321,1.2319,0.7741,0.7301,2.2659,3.2116,311749.9457,202330.4059,103996.6296,4610781.6969,2992466.7033,0.0
600875.SH,东方电气,20241017,14.37,1.7618,3.4277,1.06,12.6179,13.828,1.1969,0.7521,0.7094,2.3321,3.3055,311749.9457,202330.4059,103996.6296,4479846.7197,2907487.9328,0.0
600875.SH,东方电气,20241016,14.75,2.0555,3.999,1.11,12.9516,14.1936,1.2286,0.772,0.7282,2.272,3.2203,311749.9457,202330.4059,103996.6296,4598311.6991,2984373.487,0.0
600875.SH,东方电气,20241015,14.46,1.5234,2.9639,0.64,12.6969,13.9146,1.2044,0.7568,0.7139,2.3176,3.2849,311749.9457,202330.4059,103996.6296,4507904.2148,2925697.6693,0.0
600875.SH,东方电气,20241014,14.9,1.4424,2.8062,0.52,13.0833,14.338,1.2411,0.7798,0.7356,2.2492,3.1879,311749.9457,202330.4059,103996.6296,4645074.1909,3014723.0479,0.0
600875.SH,东方电气,20241011,14.65,1.2942,2.518,0.47,12.8637,14.0974,1.2202,0.7667,0.7232,2.2875,3.2423,311749.9457,202330.4059,103996.6296,4567136.7045,2964140.4464,0.0
600875.SH,东方电气,20241010,15.15,1.9819,3.8559,0.75,13.3028,14.5786,1.2619,0.7929,0.7479,2.212,3.1353,311749.9457,202330.4059,103996.6296,4723011.6774,3065305.6494,0.0
600875.SH,东方电气,20241009,14.85,3.0471,5.9283,1.28,13.0394,14.2899,1.2369,0.7772,0.7331,2.2567,3.1987,311749.9457,202330.4059,103996.6296,4629486.6936,3004606.5276,0.0
600875.SH,东方电气,20241008,16.27,4.0868,7.9511,2.16,14.2862,15.6563,1.3552,0.8515,0.8032,2.0598,2.9195,311749.9457,202330.4059,103996.6296,5072171.6165,3291915.704,0.0
600875.SH,东方电气,20240930,15.8,3.4052,6.6251,2.51,13.8735,15.204,1.316,0.8269,0.78,2.121,3.0063,311749.9457,202330.4059,103996.6296,4925649.1421,3196820.4132,0.0
600875.SH,东方电气,20240927,14.56,1.3556,2.6374,1.09,12.7847,14.0108,1.2127,0.762,0.7188,2.3017,3.2624,311749.9457,202330.4059,103996.6296,4539079.2094,2945930.7099,0.0
600875.SH,东方电气,20240926,13.85,1.3516,2.6296,1.19,12.1613,13.3276,1.1536,0.7249,0.6837,2.4197,3.4296,311749.9457,202330.4059,103996.6296,4317736.7479,2802276.1217,0.0
600875.SH,东方电气,20240925,13.52,1.7286,3.3631,1.88,11.8715,13.01,1.1261,0.7076,0.6674,2.4787,3.5133,311749.9457,202330.4059,103996.6296,4214859.2659,2735507.0878,0.0
600875.SH,东方电气,20240924,13.17,1.6406,3.1919,2.17,11.5642,12.6732,1.097,0.6893,0.6502,2.5446,3.6067,311749.9457,202330.4059,103996.6296,4105746.7849,2664691.4457,0.0
600875.SH,东方电气,20240923,12.66,0.7011,1.3639,0.91,11.1164,12.1825,1.0545,0.6626,0.625,2.6471,3.752,311749.9457,202330.4059,103996.6296,3946754.3126,2561502.9387,0.0
600875.SH,东方电气,20240920,12.47,0.814,1.5836,1.08,10.9496,11.9996,1.0387,0.6526,0.6156,2.6874,3.8091,311749.9457,202330.4059,103996.6296,3887521.8229,2523060.1616,0.0
600875.SH,东方电气,20240919,12.63,0.8031,1.5624,1.01,11.09,12.1536,1.052,0.661,0.6235,2.6534,3.7609,311749.9457,202330.4059,103996.6296,3937401.8142,2555433.0265,0.0
600875.SH,东方电气,20240918,12.43,0.6278,1.2214,0.76,10.9144,11.9611,1.0353,0.6505,0.6136,2.6961,3.8214,311749.9457,202330.4059,103996.6296,3875051.8251,2514966.9453,0.0
600875.SH,东方电气,20240913,12.34,0.8275,1.6099,1.04,10.8354,11.8745,1.0278,0.6458,0.6092,2.7158,3.8493,311749.9457,202330.4059,103996.6296,3846994.3299,2496757.2088,0.0
600875.SH,东方电气,20240912,12.71,0.7973,1.5512,1.03,11.1603,12.2306,1.0586,0.6652,0.6275,2.6367,3.7372,311749.9457,202330.4059,103996.6296,3962341.8098,2571619.459,0.0
600875.SH,东方电气,20240911,12.55,0.7074,1.3762,0.92,11.0198,12.0766,1.0453,0.6568,0.6196,2.6703,3.7849,311749.9457,202330.4059,103996.6296,3912461.8185,2539246.594,0.0
600875.SH,东方电气,20240910,12.62,1.0187,1.982,1.47,11.0813,12.144,1.0512,0.6605,0.623,2.6555,3.7639,311749.9457,202330.4059,103996.6296,3934284.3147,2553409.7225,0.0
600875.SH,东方电气,20240909,12.71,0.7778,1.5133,1.09,11.1603,12.2306,1.0586,0.6652,0.6275,2.6367,3.7372,311749.9457,202330.4059,103996.6296,3962341.8098,2571619.459,0.0
600875.SH,东方电气,20240906,12.94,0.6688,1.3011,0.75,11.3622,12.4519,1.0778,0.6772,0.6388,2.5898,3.6708,311749.9457,202330.4059,103996.6296,4034044.2974,2618155.4523,0.0
600875.SH,东方电气,20240905,13.18,0.7048,1.3711,0.78,11.573,12.6829,1.0978,0.6898,0.6507,2.5427,3.6039,311749.9457,202330.4059,103996.6296,4108864.2843,2666714.7498,0.0
600875.SH,东方电气,20240904,13.22,0.6629,1.2897,0.73,11.6081,12.7213,1.1011,0.6919,0.6526,2.535,3.593,311749.9457,202330.4059,103996.6296,4121334.2822,2674807.966,0.0
600875.SH,东方电气,20240903,13.37,0.6502,1.265,0.69,11.7398,12.8657,1.1136,0.6997,0.66,2.5065,3.5527,311749.9457,202330.4059,103996.6296,4168096.774,2705157.5269,0.0
600875.SH,东方电气,20240902,13.41,0.8654,1.6836,0.97,11.7749,12.9042,1.117,0.7018,0.662,2.4991,3.5421,311749.9457,202330.4059,103996.6296,4180566.7718,2713250.7431,0.0
600875.SH,东方电气,20240830,13.66,1.5791,3.0722,2.29,11.9945,13.1448,1.1378,0.7149,0.6744,2.4533,3.4773,311749.9457,202330.4059,103996.6296,4258504.2583,2763833.3446,0.0
600875.SH,东方电气,20240829,13.56,0.7564,1.4716,1.08,11.9066,12.2991,1.1528,0.7097,0.7053,2.4714,3.5029,311749.9457,202330.4059,103996.6296,4227329.2637,2743600.304,0.0
600875.SH,东方电气,20240828,13.57,0.664,1.2919,0.86,11.9154,12.3082,1.1536,0.7102,0.7058,2.4696,3.5004,311749.9457,202330.4059,103996.6296,4230446.7631,2745623.6081,0.0
600875.SH,东方电气,20240827,13.46,0.8748,1.702,1.12,11.8188,12.2084,1.1443,0.7044,0.7001,2.4898,3.529,311749.9457,202330.4059,103996.6296,4196154.2691,2723367.2634,0.0
600875.SH,东方电气,20240826,13.83,0.5819,1.1322,0.68,12.1437,12.544,1.1757,0.7238,0.7194,2.4232,3.4346,311749.9457,202330.4059,103996.6296,4311501.749,2798229.5136,0.0
600875.SH,东方电气,20240823,13.76,0.5766,1.1217,0.61,12.0823,12.4805,1.1698,0.7201,0.7157,2.4355,3.452,311749.9457,202330.4059,103996.6296,4289679.2528,2784066.3852,0.0
600875.SH,东方电气,20240822,13.87,0.8102,1.5763,0.71,12.1789,12.5803,1.1791,0.7259,0.7214,2.4162,3.4247,311749.9457,202330.4059,103996.6296,4323971.7469,2806322.7298,0.0
600875.SH,东方电气,20240821,13.86,1.0273,1.9986,0.63,12.1701,12.5712,1.1783,0.7254,0.7209,2.4179,3.4271,311749.9457,202330.4059,103996.6296,4320854.2474,2804299.4258,0.0
600875.SH,东方电气,20240820,14.08,0.9259,1.8014,0.58,12.3632,12.7708,1.197,0.7369,0.7324,2.3801,3.3736,311749.9457,202330.4059,103996.6296,4389439.2355,2848812.1151,0.0
600875.SH,东方电气,20240819,14.24,0.9624,1.8724,0.61,12.5037,12.9159,1.2106,0.7453,0.7407,2.3534,3.3357,311749.9457,202330.4059,103996.6296,4439319.2268,2881184.98,0.0
600875.SH,东方电气,20240816,14.23,1.0195,1.9835,0.7,12.495,12.9068,1.2097,0.7447,0.7402,2.3551,3.338,311749.9457,202330.4059,103996.6296,4436201.7273,2879161.676,0.0
600875.SH,东方电气,20240815,14.41,1.7616,3.4273,1.44,12.653,13.0701,1.225,0.7542,0.7495,2.3256,3.2963,311749.9457,202330.4059,103996.6296,4492316.7175,2915581.149,0.0
600875.SH,东方电气,20240814,14.36,3.5463,6.8858,5.36,12.6091,13.0247,1.2208,0.7516,0.7469,2.3337,3.3078,311749.9457,202330.4059,104202.7296,4476729.2203,2905464.6287,0.0
600875.SH,东方电气,20240813,15.93,0.6279,1.2192,0.99,13.9877,14.4488,1.3542,0.8337,0.8286,2.1037,2.9818,311749.9457,202330.4059,104202.7296,4966176.635,3223123.366,0.0
600875.SH,东方电气,20240812,15.94,0.9172,1.7809,1.52,13.9965,14.4578,1.3551,0.8342,0.8291,2.1024,2.9799,311749.9457,202330.4059,104202.7296,4969294.1345,3225146.67,0.0
600875.SH,东方电气,20240809,15.55,0.4442,0.8624,0.66,13.654,14.1041,1.3219,0.8138,0.8088,2.1551,3.0547,311749.9457,202330.4059,104202.7296,4847711.6556,3146237.8117,0.0
600875.SH,东方电气,20240808,15.58,0.5953,1.1559,0.83,13.6804,14.1313,1.3245,0.8154,0.8104,2.151,3.0488,311749.9457,202330.4059,104202.7296,4857064.154,3152307.7239,0.0
600875.SH,东方电气,20240807,15.84,0.7241,1.406,0.95,13.9087,14.3671,1.3466,0.829,0.8239,2.1157,2.9987,311749.9457,202330.4059,104202.7296,4938119.1399,3204913.6295,0.0
600875.SH,东方电气,20240806,15.58,0.4753,0.9229,0.61,13.6804,14.1313,1.3245,0.8154,0.8104,2.151,3.0488,311749.9457,202330.4059,104202.7296,4857064.154,3152307.7239,0.0
600875.SH,东方电气,20240805,15.46,0.7861,1.5263,1.01,13.575,14.0225,1.3143,0.8091,0.8041,2.1677,3.0724,311749.9457,202330.4059,104202.7296,4819654.1605,3128028.0752,0.0
600875.SH,东方电气,20240802,15.77,0.7616,1.4788,0.95,13.8472,14.3036,1.3406,0.8253,0.8203,2.1251,3.012,311749.9457,202330.4059,104202.7296,4916296.6437,3190750.501,0.0
600875.SH,东方电气,20240801,16.17,0.8302,1.6119,1.12,14.1984,14.6664,1.3746,0.8463,0.8411,2.0725,2.9375,311749.9457,202330.4059,104202.7296,5040996.622,3271682.6634,0.0
600875.SH,东方电气,20240731,16.34,0.9487,1.842,1.38,14.3477,14.8206,1.3891,0.8552,0.8499,2.0509,2.907,311749.9457,202330.4059,104202.7296,5093994.1127,3306078.8324,0.0
600875.SH,东方电气,20240730,16.05,0.5944,1.1542,0.81,14.093,14.5576,1.3644,0.84,0.8348,2.088,2.9595,311749.9457,202330.4059,104202.7296,5003586.6285,3247403.0147,0.0
600875.SH,东方电气,20240729,16.06,0.7427,1.4421,1.0,14.1018,14.5667,1.3653,0.8405,0.8354,2.0867,2.9577,311749.9457,202330.4059,104202.7296,5006704.1279,3249426.3188,0.0
600875.SH,东方电气,20240726,16.27,0.8889,1.726,1.26,14.2862,14.7571,1.3831,0.8515,0.8463,2.0598,4.9793,311749.9457,202330.4059,104202.7296,5072171.6165,3291915.704,0.0
600875.SH,东方电气,20240725,16.16,0.5374,1.0435,0.75,14.1896,14.6574,1.3205,0.8458,0.8406,2.0738,2.0738,311749.9457,202330.4059,104202.7296,5037879.1225,3269659.3593,0.0
600875.SH,东方电气,20240724,16.23,0.6653,1.2918,0.91,14.2511,14.7209,1.3262,0.8494,0.8442,2.0648,2.0648,311749.9457,202330.4059,104202.7296,5059701.6187,3283822.4878,0.0
600875.SH,东方电气,20240723,16.11,0.8556,1.6614,1.18,14.1457,14.612,1.3164,0.8431,0.838,2.0802,2.0802,311749.9457,202330.4059,104202.7296,5022291.6252,3259542.839,0.0
600875.SH,东方电气,20240722,16.73,0.7839,1.522,1.11,14.6901,15.1744,1.367,0.8756,0.8702,2.0031,2.0031,311749.9457,202330.4059,104202.7296,5215576.5916,3384987.6907,0.0
600875.SH,东方电气,20240719,16.75,0.6874,1.3347,0.94,14.7077,15.1925,1.3687,0.8766,0.8712,2.0007,2.0007,311749.9457,202330.4059,104202.7296,5221811.5905,3389034.2988,0.0
600875.SH,东方电气,20240718,16.73,0.5976,1.1604,0.68,14.6901,15.1744,1.367,0.8756,0.8702,2.0031,2.0031,311749.9457,202330.4059,104202.7296,5215576.5916,3384987.6907,0.0
600875.SH,东方电气,20240717,16.52,0.7323,1.4218,0.65,14.5057,14.9839,1.3499,0.8646,0.8593,2.0286,2.0286,311749.9457,202330.4059,104202.7296,5150109.103,3342498.3055,0.0
600875.SH,东方电气,20240716,16.95,0.8243,1.6005,0.73,14.8833,15.3739,1.385,0.8871,0.8816,1.9771,1.9771,311749.9457,202330.4059,104202.7296,5284161.5796,3429500.38,0.0
600875.SH,东方电气,20240715,16.56,0.6804,1.3212,0.6,14.5409,15.0202,1.3532,0.8667,0.8614,2.0237,2.0237,311749.9457,202330.4059,104202.7296,5162579.1008,3350591.5217,0.0
600875.SH,东方电气,20240712,16.65,0.8154,1.5832,0.72,14.6199,15.1018,1.3605,0.8714,0.866,2.0128,2.0128,311749.9457,202330.4059,104202.7296,5190636.5959,3368801.2582,0.0
600875.SH,东方电气,20240711,16.71,1.3275,2.5776,1.32,14.6726,15.1562,1.3654,0.8745,0.8692,2.0055,2.0055,311749.9457,202330.4059,104202.7296,5209341.5926,3380941.0826,0.0
600875.SH,东方电气,20240710,16.25,1.9839,3.8521,2.56,14.2687,14.739,1.3278,0.8505,0.8452,2.0623,2.0623,311749.9457,202330.4059,104202.7296,5065936.6176,3287869.0959,0.0
600875.SH,东方电气,20240709,17.24,0.8287,1.6091,0.95,15.138,15.6369,1.4087,0.9023,0.8967,1.9439,1.9439,311749.9457,202330.4059,104202.7296,5374569.0639,3488176.1977,0.0
600875.SH,东方电气,20240708,17.11,0.7216,1.4011,0.78,15.0238,15.519,1.3981,0.8955,0.89,1.9586,1.9586,311749.9457,202330.4059,104202.7296,5334041.5709,3461873.2449,0.0
600875.SH,东方电气,20240705,17.05,0.8199,1.592,0.85,14.9711,15.4646,1.3932,0.8923,0.8868,1.9655,1.9655,311749.9457,202330.4059,104202.7296,5315336.5742,3449733.4206,0.0
600875.SH,东方电气,20240704,17.13,0.6673,1.2956,0.7,15.0414,15.5372,1.3997,0.8965,0.891,1.9564,1.9564,311749.9457,202330.4059,104202.7296,5340276.5698,3465919.8531,0.0
600875.SH,东方电气,20240703,17.12,0.8308,1.6132,0.86,15.0326,15.5281,1.3989,0.896,0.8905,1.9575,1.9575,311749.9457,202330.4059,104202.7296,5337159.0704,3463896.549,0.0
600875.SH,东方电气,20240702,17.53,1.3132,2.5499,1.56,15.3926,15.9,1.4324,0.9175,0.9118,1.9117,1.9117,311749.9457,202330.4059,104202.7296,5464976.5481,3546852.0154,0.0
600875.SH,东方电气,20240701,18.01,0.9743,1.8918,1.17,15.8141,16.3353,1.4716,0.9426,0.9368,1.8608,1.8608,311749.9457,202330.4059,104202.7296,5614616.5221,3643970.6103,0.0
600875.SH,东方电气,20240628,18.45,1.0387,2.0168,1.36,16.2004,16.7344,1.5076,0.9656,0.9597,1.8164,1.8164,311749.9457,202330.4059,104202.7296,5751786.4982,3732995.9889,0.0
600875.SH,东方电气,20240627,17.63,0.5991,1.1632,0.79,15.4804,15.9907,1.4406,0.9227,0.917,1.9009,1.9009,311749.9457,202330.4059,104202.7296,5496151.5427,3567085.056,0.0
600875.SH,东方电气,20240626,17.83,0.8808,1.7102,1.2,15.656,16.1721,1.4569,0.9332,0.9274,1.8796,1.8796,311749.9457,202330.4059,104202.7296,5558501.5318,3607551.1372,0.0
600875.SH,东方电气,20240625,18.09,0.7081,1.3749,0.97,15.8843,16.4079,1.4782,0.9468,0.9409,1.8525,1.8525,311749.9457,202330.4059,104202.7296,5639556.5177,3660157.0427,0.0
600875.SH,东方电气,20240624,17.96,0.9409,1.8269,1.19,15.7702,16.29,1.4675,0.94,0.9342,1.866,1.866,311749.9457,202330.4059,104202.7296,5599029.0248,3633854.09,0.0
600875.SH,东方电气,20240621,18.28,0.6786,1.3175,0.8,16.0511,16.5802,1.4937,0.9567,0.9508,1.8333,1.8333,311749.9457,202330.4059,104202.7296,5698789.0074,3698599.8199,0.0
600875.SH,东方电气,20240620,18.21,0.5784,1.1231,0.63,15.9897,16.5167,1.488,0.953,0.9472,1.8403,1.8403,311749.9457,202330.4059,104202.7296,5676966.5112,3684436.6914,0.0
600875.SH,东方电气,20240619,18.19,0.7609,1.4774,0.84,15.9721,16.4986,1.4863,0.952,0.9461,1.8424,1.8424,311749.9457,202330.4059,104202.7296,5670731.5123,3680390.0833,0.0
600875.SH,东方电气,20240618,18.63,0.6976,1.3545,0.71,16.3585,16.8977,1.5223,0.975,0.969,1.7988,1.7988,311749.9457,202330.4059,104202.7296,5807901.4884,3769415.4619,0.0
600875.SH,东方电气,20240617,18.36,1.2247,2.3781,1.29,16.1214,16.6528,1.5002,0.9609,0.955,1.8253,1.8253,311749.9457,202330.4059,104202.7296,5723729.0031,3714786.2523,0.0
600875.SH,东方电气,20240614,18.04,0.9883,1.9189,1.0,15.8404,16.3626,1.4741,0.9441,0.9383,1.8577,1.8577,311749.9457,202330.4059,104202.7296,5623969.0204,3650040.5224,0.0
600875.SH,东方电气,20240613,18.18,0.9533,1.8509,0.95,15.9633,16.4895,1.4855,0.9515,0.9456,1.8434,1.8434,311749.9457,202330.4059,104202.7296,5667614.0128,3678366.7793,0.0
600875.SH,东方电气,20240612,18.39,0.6685,1.2979,0.55,16.1477,16.68,1.5027,0.9625,0.9565,1.8223,1.8223,311749.9457,202330.4059,104202.7296,5733081.5014,3720856.1645,0.0
600875.SH,东方电气,20240611,18.28,1.057,2.0524,0.87,16.0511,16.5802,1.4937,0.9567,0.9508,1.8333,1.8333,311749.9457,202330.4059,104202.7296,5698789.0074,3698599.8199,0.0
600875.SH,东方电气,20240607,18.52,1.0824,2.1017,0.94,16.2619,16.7979,1.5133,0.9693,0.9633,1.8095,1.8095,311749.9457,202330.4059,104202.7296,5773608.9944,3747159.1173,0.0
600875.SH,东方电气,20240606,18.75,1.1696,2.2711,0.96,16.4638,17.0065,1.5321,0.9813,0.9753,1.7873,1.7873,311749.9457,202330.4059,104202.7296,5845311.4819,3793695.1106,0.0
600875.SH,东方电气,20240605,18.58,1.0334,2.0066,0.88,16.3146,16.8523,1.5182,0.9724,0.9664,1.8037,1.8037,311749.9457,202330.4059,104202.7296,5792313.9911,3759298.9416,0.0
600875.SH,东方电气,20240604,19.05,1.7255,3.3505,1.43,16.7273,17.2786,1.5566,0.997,0.9909,1.7592,1.7592,311749.9457,202330.4059,104202.7296,5938836.4656,3854394.2324,0.0
600875.SH,东方电气,20240603,18.36,1.0579,2.0541,0.7,16.1214,16.6528,1.5002,0.9609,0.955,1.8253,1.8253,311749.9457,202330.4059,104202.7296,5723729.0031,3714786.2523,0.0
600875.SH,东方电气,20240531,18.38,0.7826,1.5196,0.5,16.139,16.6709,1.5019,0.9619,0.956,1.8233,1.8233,311749.9457,202330.4059,104202.7296,5729964.002,3718832.8604,0.0
600875.SH,东方电气,20240530,18.58,1.4887,2.8906,1.06,16.3146,16.8523,1.5182,0.9724,0.9664,1.8037,1.8037,311749.9457,202330.4059,104202.7296,5792313.9911,3759298.9416,0.0
600875.SH,东方电气,20240529,18.55,0.8171,1.5866,0.6,16.2882,16.8251,1.5158,0.9708,0.9649,1.8066,1.8066,311749.9457,202330.4059,104202.7296,5782961.4927,3753229.0294,0.0
600875.SH,东方电气,20240528,18.58,1.8801,3.6505,1.59,16.3146,16.8523,1.5182,0.9724,0.9664,1.8037,1.8037,311749.9457,202330.4059,104202.7296,5792313.9911,3759298.9416,0.0
600875.SH,东方电气,20240527,18.55,2.6347,5.1159,2.84,16.2882,16.8251,1.5158,0.9708,0.9649,1.8066,1.8066,311749.9457,202330.4059,104202.7296,5782961.4927,3753229.0294,0.0
600875.SH,东方电气,20240524,17.66,1.0397,2.0188,1.16,15.5067,16.0179,1.443,0.9243,0.9186,1.8976,1.8976,311749.9457,202330.4059,104202.7296,5505504.0411,3573154.9682,0.0
600875.SH,东方电气,20240523,17.37,0.6215,1.2068,0.62,15.2521,15.7549,1.4193,0.9091,0.9035,1.9293,1.9293,311749.9457,202330.4059,104202.7296,5415096.5568,3514479.1505,0.0
600875.SH,东方电气,20240522,17.5,0.6775,1.3155,0.65,15.3663,15.8728,1.43,0.9159,0.9103,1.915,1.915,311749.9457,202330.4059,104202.7296,5455624.0498,3540782.1033,0.0
600875.SH,东方电气,20240521,17.6,0.9514,1.8473,0.86,15.4541,15.9635,1.4381,0.9211,0.9155,1.9041,1.9041,311749.9457,202330.4059,104202.7296,5486799.0443,3561015.1438,0.0
600875.SH,东方电气,20240520,18.07,1.3553,2.6315,1.24,15.8668,16.3898,1.4765,0.9457,0.9399,1.8546,1.8546,311749.9457,202330.4059,104202.7296,5633321.5188,3656110.4346,0.0
600875.SH,东方电气,20240517,17.68,0.8688,1.6869,0.74,15.5243,16.036,1.4447,0.9253,0.9196,1.8955,1.8955,311749.9457,202330.4059,104202.7296,5511739.04,3577201.5763,0.0
600875.SH,东方电气,20240516,17.53,1.1642,2.2606,0.91,15.3926,15.9,1.4324,0.9175,0.9118,1.9117,1.9117,311749.9457,202330.4059,104202.7296,5464976.5481,3546852.0154,0.0
600875.SH,东方电气,20240515,17.39,0.8958,1.7394,0.7,15.2697,15.773,1.421,0.9101,0.9045,1.9271,1.9271,311749.9457,202330.4059,104202.7296,5421331.5557,3518525.7586,0.0
600875.SH,东方电气,20240514,17.85,1.2685,2.463,1.01,15.6736,16.1902,1.4586,0.9342,0.9285,1.8774,1.8774,311749.9457,202330.4059,104202.7296,5564736.5307,3611597.7453,0.0
600875.SH,东方电气,20240513,18.19,1.2533,2.4335,0.94,15.9721,16.4986,1.4863,0.952,0.9461,1.8424,1.8424,311749.9457,202330.4059,104202.7296,5670731.5123,3680390.0833,0.0
600875.SH,东方电气,20240510,18.07,1.3256,2.5739,0.92,15.8668,16.3898,1.4765,0.9457,0.9399,1.8546,1.8546,311749.9457,202330.4059,104202.7296,5633321.5188,3656110.4346,0.0
600875.SH,东方电气,20240509,17.82,1.6786,3.2593,1.2,15.6472,16.163,1.4561,0.9326,0.9269,1.8806,1.8806,311749.9457,202330.4059,104202.7296,5555384.0324,3605527.8331,0.0
600875.SH,东方电气,20240508,17.14,0.895,1.7378,0.56,15.0501,15.5462,1.4005,0.897,0.8915,1.9552,1.9552,311749.9457,202330.4059,104202.7296,5343394.0693,3467943.1571,0.0
600875.SH,东方电气,20240507,17.22,1.1089,2.1532,0.72,15.1204,15.6188,1.4071,0.9012,0.8957,1.9461,1.9461,311749.9457,202330.4059,104202.7296,5368334.065,3484129.5896,0.0
600875.SH,东方电气,20240506,17.37,1.6308,3.1664,1.12,15.2521,15.7549,1.4193,0.9091,0.9035,1.9293,1.9293,311749.9457,202330.4059,104202.7296,5415096.5568,3514479.1505,0.0
600875.SH,东方电气,20240430,16.86,1.8536,3.5987,1.39,14.8043,15.2923,1.3777,0.8824,0.877,1.9877,1.9877,311749.9457,202330.4059,104217.7296,5256104.0845,3411290.6435,0.0
600875.SH,东方电气,20240429,17.22,1.5109,2.9332,1.04,15.1204,15.1204,1.4416,0.9012,0.9012,1.9461,1.9461,311749.9457,202330.4059,104217.7296,5368334.065,3484129.5896,0.0
600875.SH,东方电气,20240426,17.1,1.9209,3.7293,1.38,15.015,15.015,1.4315,0.895,0.895,1.9598,1.9598,311749.9457,202330.4059,104217.7296,5330924.0715,3459849.9409,0.0
600875.SH,东方电气,20240425,17.59,0.8217,1.5953,0.48,15.4453,15.4453,1.4726,0.9206,0.9206,1.9052,1.9052,311749.9457,202330.4059,104217.7296,5483681.5449,3558991.8398,0.0
600875.SH,东方电气,20240424,17.71,1.1508,2.2341,0.59,15.5506,15.5506,1.4826,0.9269,0.9269,1.8923,1.8923,311749.9457,202330.4059,104217.7296,5521091.5383,3583271.4885,0.0
600875.SH,东方电气,20240423,17.71,1.2813,2.4875,0.6,15.5506,15.5506,1.4826,0.9269,0.9269,1.8923,1.8923,311749.9457,202330.4059,104217.7296,5521091.5383,3583271.4885,0.0
600875.SH,东方电气,20240422,17.84,2.0977,4.0725,0.96,15.6648,15.6648,1.4935,0.9337,0.9337,1.8785,1.8785,311749.9457,202330.4059,104217.7296,5561619.0313,3609574.4413,0.0
600875.SH,东方电气,20240419,18.25,1.6053,3.1165,0.73,16.0248,16.0248,1.5278,0.9551,0.9551,1.8363,1.8363,311749.9457,202330.4059,104217.7296,5689436.509,3692529.9077,0.0
600875.SH,东方电气,20240418,18.01,2.3715,4.6041,1.05,15.8141,15.8141,1.5077,0.9426,0.9426,1.8608,1.8608,311749.9457,202330.4059,104217.7296,5614616.5221,3643970.6103,0.0
600875.SH,东方电气,20240417,18.05,2.4142,4.6871,1.24,15.8492,15.8492,1.5111,0.9447,0.9447,1.8566,1.8566,311749.9457,202330.4059,104217.7296,5627086.5199,3652063.8265,0.0
600875.SH,东方电气,20240416,17.16,2.1027,4.0821,1.18,15.0677,15.0677,1.4366,0.8981,0.8981,1.9529,1.9529,311749.9457,202330.4059,104217.7296,5349629.0682,3471989.7652,0.0
600875.SH,东方电气,20240415,17.27,2.3868,4.6338,1.59,15.1643,15.1643,1.4458,0.9039,0.9039,1.9405,1.9405,311749.9457,202330.4059,104217.7296,5383921.5622,3494246.1099,0.0
600875.SH,东方电气,20240412,16.62,1.7909,3.4768,1.35,14.5935,14.5935,1.3913,0.8698,0.8698,2.0164,2.0164,311749.9457,202330.4059,104217.7296,5181284.0975,3362731.3461,0.0
600875.SH,东方电气,20240411,16.47,2.5637,4.9773,2.32,14.4618,14.4618,1.3788,0.862,0.862,2.0348,2.0348,311749.9457,202330.4059,104217.7296,5134521.6057,3332381.7852,0.0
600875.SH,东方电气,20240410,15.57,0.8532,1.6564,0.69,13.6716,13.6716,1.3034,0.8149,0.8149,2.1524,2.1524,311749.9457,202330.4059,104217.7296,4853946.6545,3150284.4199,0.0
600875.SH,东方电气,20240409,15.66,1.3183,2.5594,1.1,13.7506,13.7506,1.311,0.8196,0.8196,2.14,2.14,311749.9457,202330.4059,104217.7296,4882004.1497,3168494.1564,0.0
600875.SH,东方电气,20240408,15.32,0.9975,1.9366,0.84,13.4521,13.4521,1.2825,0.8018,0.8018,2.1875,2.1875,311749.9457,202330.4059,104217.7296,4776009.1681,3099701.8184,0.0
600875.SH,东方电气,20240403,15.31,0.9161,1.7785,0.79,13.4433,13.4433,1.2817,0.8013,0.8013,2.1889,2.1889,311749.9457,202330.4059,104217.7296,4772891.6687,3097678.5143,0.0
600875.SH,东方电气,20240402,15.48,1.4509,2.8168,1.43,13.5925,13.5925,1.2959,0.8102,0.8102,2.1649,2.1649,311749.9457,202330.4059,104217.7296,4825889.1594,3132074.6833,0.0
600875.SH,东方电气,20240401,15.83,1.462,2.8383,1.67,13.8999,13.8999,1.3252,0.8285,0.8285,2.117,2.117,311749.9457,202330.4059,104217.7296,4935001.6404,3202890.3254,0.0
600875.SH,东方电气,20240329,15.75,1.1614,2.2547,1.4,13.8296,13.8296,1.3185,0.8243,0.8243,2.1278,2.1278,311749.9457,202330.4059,104217.7296,4910061.6448,3186703.8929,0.0
600875.SH,东方电气,20240328,15.45,0.9252,1.7962,1.09,16.8726,14.7455,1.3122,0.889,0.8242,2.1691,2.1691,311749.9457,202330.4059,104217.7296,4816536.6611,3126004.7712,0.0
600875.SH,东方电气,20240327,15.16,0.7951,1.5437,0.92,16.5559,14.4687,1.2875,0.8723,0.8087,2.2106,2.2106,311749.9457,202330.4059,104217.7296,4726129.1768,3067328.9534,0.0
600875.SH,东方电气,20240326,15.62,0.7352,1.4273,0.86,17.0582,14.9078,1.3266,0.8988,0.8333,2.1455,2.1455,311749.9457,202330.4059,104217.7296,4869534.1518,3160400.9402,0.0
600875.SH,东方电气,20240325,15.5,0.7595,1.4745,0.86,16.9272,14.7932,1.3164,0.8919,0.8269,2.1621,2.1621,311749.9457,202330.4059,104217.7296,4832124.1584,3136121.2915,0.0
600875.SH,东方电气,20240322,15.77,0.9221,1.7903,1.09,17.2221,15.0509,1.3393,0.9074,0.8413,2.1251,2.1251,311749.9457,202330.4059,104217.7296,4916296.6437,3190750.501,0.0
600875.SH,东方电气,20240321,15.9,1.0246,1.9891,1.31,17.364,15.175,1.3504,0.9149,0.8482,2.1077,2.1077,311749.9457,202330.4059,104217.7296,4956824.1366,3217053.4538,0.0
600875.SH,东方电气,20240320,15.76,0.8818,1.7119,1.07,17.2111,15.0414,1.3385,0.9068,0.8407,2.1264,2.1264,311749.9457,202330.4059,104217.7296,4913179.1442,3188727.197,0.0
600875.SH,东方电气,20240319,15.76,0.6796,1.3194,0.79,17.2111,15.0414,1.3385,0.9068,0.8407,2.1264,2.1264,311749.9457,202330.4059,104217.7296,4913179.1442,3188727.197,0.0
600875.SH,东方电气,20240318,15.97,0.8903,1.7284,1.02,17.4405,15.2418,1.3563,0.9189,0.8519,2.0985,2.0985,311749.9457,202330.4059,104217.7296,4978646.6328,3231216.5822,0.0
600875.SH,东方电气,20240315,15.9,0.7662,1.4876,0.91,17.364,15.175,1.3504,0.9149,0.8482,2.1077,2.1077,311749.9457,202330.4059,104217.7296,4956824.1366,3217053.4538,0.0
600875.SH,东方电气,20240314,15.9,0.688,1.3357,0.79,17.364,15.175,1.3504,0.9149,0.8482,2.1077,2.1077,311749.9457,202330.4059,104217.7296,4956824.1366,3217053.4538,0.0
600875.SH,东方电气,20240313,15.97,1.1,2.1355,1.21,17.4463,15.2468,1.3566,0.9192,0.8522,2.0977,2.0977,311853.3797,202330.4059,104217.7296,4980298.4738,3231216.5822,0.0
600875.SH,东方电气,20240312,16.25,0.8645,1.6784,0.93,17.7521,15.5142,1.3804,0.9353,0.8672,2.0615,2.0615,311853.3797,202330.4059,104217.7296,5067617.4201,3287869.0959,0.0
600875.SH,东方电气,20240311,16.46,0.9328,1.8109,0.99,17.9816,15.7147,1.3982,0.9474,0.8784,2.0352,2.0352,311853.3797,202330.4059,104217.7296,5133106.6299,3330358.4811,0.0
600875.SH,东方电气,20240308,16.39,0.6183,1.2003,0.58,17.9051,15.6478,1.3923,0.9434,0.8746,2.0439,2.0439,311853.3797,202330.4059,104217.7296,5111276.8933,3316195.3527,0.0
600875.SH,东方电气,20240307,16.22,0.8537,1.6575,0.71,17.7194,15.4855,1.3778,0.9336,0.8656,2.0654,2.0654,311853.3797,202330.4059,104217.7296,5058261.8187,3281799.1837,0.0
600875.SH,东方电气,20240306,16.41,1.2709,2.4673,1.05,17.9269,15.6669,1.394,0.9446,0.8757,2.0414,2.0414,311853.3797,202330.4059,104217.7296,5117513.9609,3320241.9608,0.0
600875.SH,东方电气,20240305,16.15,0.9845,1.9114,0.84,17.6429,15.4187,1.3719,0.9296,0.8618,2.0743,2.0743,311853.3797,202330.4059,104217.7296,5036432.0822,3267636.0553,0.0
600875.SH,东方电气,20240304,16.29,0.9681,1.8794,0.83,17.7958,15.5524,1.3838,0.9376,0.8693,2.0565,2.0565,311853.3797,202330.4059,104217.7296,5080091.5553,3295962.3121,0.0
600875.SH,东方电气,20240301,16.39,1.259,2.4442,1.13,17.9051,15.6478,1.3923,0.9434,0.8746,2.0439,2.0439,311853.3797,202330.4059,104217.7296,5111276.8933,3316195.3527,0.0
600875.SH,东方电气,20240229,16.35,1.522,2.9548,1.51,17.8614,15.6096,1.3889,0.9411,0.8725,2.0489,2.0489,311853.3797,202330.4059,104217.7296,5098802.7581,3308102.1365,0.0
600875.SH,东方电气,20240228,15.58,1.3457,2.6125,1.33,17.0202,14.8745,1.3234,0.8968,0.8314,2.1502,2.1502,311853.3797,202330.4059,104217.7296,4858675.6557,3152307.7239,0.0
600875.SH,东方电气,20240227,15.71,0.7652,1.4857,0.73,17.1622,14.9986,1.3345,0.9043,0.8383,2.1324,2.1324,311853.3797,202330.4059,104217.7296,4899216.5951,3178610.6767,0.0
600875.SH,东方电气,20240226,15.58,0.9311,1.8077,0.84,17.0202,14.8745,1.3234,0.8968,0.8314,2.1502,2.1502,311853.3797,202330.4059,104217.7296,4858675.6557,3152307.7239,0.0
600875.SH,东方电气,20240223,15.59,1.0189,1.978,0.86,17.0311,14.8841,1.3243,0.8974,0.8319,2.1488,2.1488,311853.3797,202330.4059,104217.7296,4861794.1895,3154331.028,0.0
600875.SH,东方电气,20240222,15.44,0.9755,1.8939,0.81,16.8673,14.7408,1.3116,0.8887,0.8239,2.1697,2.1697,311853.3797,202330.4059,104217.7296,4815016.1826,3123981.4671,0.0
600875.SH,东方电气,20240221,15.28,1.3521,2.625,1.17,16.6925,14.5881,1.298,0.8795,0.8154,2.1924,2.1924,311853.3797,202330.4059,104217.7296,4765119.6418,3091608.6022,0.0
600875.SH,东方电气,20240220,15.06,0.9362,1.8176,0.8,16.4521,14.3781,1.2793,0.8669,0.8037,2.2244,2.2244,311853.3797,202330.4059,104217.7296,4696511.8983,3047095.9129,0.0
600875.SH,东方电气,20240219,15.1,1.2766,2.4785,1.17,16.4958,14.4162,1.2827,0.8692,0.8058,2.2185,2.2185,311853.3797,202330.4059,104217.7296,4708986.0335,3055189.1291,0.0
600875.SH,东方电气,20240208,14.67,1.4028,2.7234,1.41,16.0261,14.0057,1.2461,0.8444,0.7828,2.2836,2.2836,311853.3797,202330.4059,104217.7296,4574889.0802,2968187.0546,0.0
600875.SH,东方电气,20240207,14.73,1.0669,2.0714,1.09,16.0916,14.063,1.2512,0.8479,0.786,2.2743,2.2743,311853.3797,202330.4059,104217.7296,4593600.283,2980326.8789,0.0
600875.SH,东方电气,20240206,14.27,1.1009,2.1373,1.16,15.5891,13.6238,1.2122,0.8214,0.7615,2.3476,2.3476,311853.3797,202330.4059,104217.7296,4450147.7283,2887254.8922,0.0
600875.SH,东方电气,20240205,13.54,0.9987,1.9389,1.04,14.7916,12.9269,1.1502,0.7794,0.7225,2.4742,2.4742,311853.3797,202330.4059,104217.7296,4222494.7611,2739553.6959,
600875.SH,东方电气,20240202,13.89,0.8718,1.6925,0.9,15.174,13.261,1.1799,0.7995,0.7412,2.4118,2.4118,311853.3797,202330.4059,104217.7296,4331643.444,2810369.338,0.0
600875.SH,东方电气,20240201,14.11,0.9469,1.8383,0.93,15.4143,13.4711,1.1986,0.8122,0.753,2.3742,2.3742,311853.3797,202330.4059,104217.7296,4400251.1876,2854882.0272,0.0
600875.SH,东方电气,20240131,14.35,0.9712,1.878,1.0,15.6765,13.7002,1.219,0.826,0.7658,2.3345,2.3345,311853.3797,202330.4059,104632.7296,4475095.9987,2903441.3247,
600875.SH,东方电气,20240130,14.62,0.9442,1.8258,1.05,15.9715,13.958,1.2419,0.8415,0.7802,2.2914,2.2914,311853.3797,202330.4059,104632.7296,4559296.4112,2958070.5343,
600875.SH,东方电气,20240129,14.83,1.0565,2.043,1.18,16.2009,14.1585,1.2597,0.8536,0.7914,2.2589,2.2589,311853.3797,202330.4059,104632.7296,4624785.621,3000559.9195,
600875.SH,东方电气,20240126,14.76,0.9301,1.7985,1.13,16.1244,14.0916,1.2538,0.8496,0.7877,2.2696,2.2696,311853.3797,202330.4059,104632.7296,4602955.8844,2986396.7911,
600875.SH,东方电气,20240125,14.76,1.1911,2.3033,1.59,16.1244,14.0916,1.2538,0.8496,0.7877,2.2696,2.2696,311853.3797,202330.4059,104632.7296,4602955.8844,2986396.7911,0.0
600875.SH,东方电气,20240124,14.05,0.7562,1.4623,1.08,15.3488,13.4138,1.1935,0.8087,0.7498,2.3843,2.3843,311853.3797,202330.4059,104632.7296,4381539.9848,2842742.2029,0.0
600875.SH,东方电气,20240123,13.73,0.5725,1.107,0.79,14.9992,13.1083,1.1663,0.7903,0.7327,2.4399,2.4399,311853.3797,202330.4059,104632.7296,4281746.9033,2777996.473,0.0
600875.SH,东方电气,20240122,13.5,1.0256,1.9832,1.67,14.7479,12.8887,1.1468,0.7771,0.7204,2.4815,2.4815,311853.3797,202330.4059,104632.7296,4210020.626,2731460.4797,
600875.SH,东方电气,20240119,14.19,0.5745,1.1109,0.89,15.5017,13.5475,1.2054,0.8168,0.7572,2.3608,2.3608,311853.3797,202330.4059,104632.7296,4425199.4579,2871068.4597,0.0
600875.SH,东方电气,20240118,14.25,0.8194,1.5845,1.35,15.5673,13.6047,1.2105,0.8202,0.7604,2.3509,2.3509,311853.3797,202330.4059,104632.7296,4443910.6607,2883208.2841,0.0
600875.SH,东方电气,20240117,14.08,0.5135,0.9929,0.85,15.3816,13.4424,1.196,0.8104,0.7514,2.3793,2.3793,311853.3797,202330.4059,104632.7296,4390895.5862,2848812.1151,
600875.SH,东方电气,20240116,14.4,0.6725,1.3004,1.14,15.7311,13.7479,1.2232,0.8289,0.7684,2.3264,2.3264,311853.3797,202330.4059,104632.7296,4490688.6677,2913557.845,0.0
600875.SH,东方电气,20240115,14.36,0.497,0.9645,0.83,15.6874,13.7098,1.2198,0.8266,0.7663,2.3329,2.3329,311853.3797,201542.6496,103844.9733,4478214.5325,2894152.4483,
600875.SH,东方电气,20240112,14.42,0.7119,1.3817,1.18,15.753,13.767,1.2249,0.83,0.7695,2.3232,2.3232,311853.3797,201542.6496,103844.9733,4496925.7353,2906245.0072,
600875.SH,东方电气,20240111,14.28,0.6468,1.2552,1.11,15.6,13.6334,1.213,0.822,0.762,2.3459,2.3459,311853.3797,201542.6496,103844.9733,4453266.2621,2878029.0363,0.0
600875.SH,东方电气,20240110,14.26,0.4933,0.9573,0.78,15.5782,13.6143,1.2113,0.8208,0.761,2.3492,2.3492,311853.3797,201542.6496,103844.9733,4447029.1945,2873998.1833,
600875.SH,东方电气,20240109,14.18,0.6027,1.1697,0.91,15.4908,13.5379,1.2045,0.8162,0.7567,2.3625,2.3625,311853.3797,201542.6496,103844.9733,4422080.9241,2857874.7713,0.0
600875.SH,东方电气,20240108,14.24,0.5383,1.0447,0.78,15.5563,13.5952,1.2096,0.8197,0.7599,2.3525,2.3525,311853.3797,201542.6496,103844.9733,4440792.1269,2869967.3303,0.0
600875.SH,东方电气,20240105,14.36,0.7392,1.4347,1.0,15.6874,13.7098,1.2198,0.8266,0.7663,2.3329,2.3329,311853.3797,201542.6496,103844.9733,4478214.5325,2894152.4483,
600875.SH,东方电气,20240104,14.77,0.5426,1.053,0.77,16.1353,14.1012,1.2546,0.8502,0.7882,2.2681,2.2681,311853.3797,201542.6496,103844.9733,4606074.4182,2976784.9346,
600875.SH,东方电气,20240103,14.77,0.7305,1.4178,1.13,16.1353,14.1012,1.2546,0.8502,0.7882,2.2681,2.2681,311853.3797,201542.6496,103844.9733,4606074.4182,2976784.9346,
600875.SH,东方电气,20240102,14.72,0.7599,1.4749,1.26,16.0807,14.0535,1.2504,0.8473,0.7855,2.2758,2.2758,311853.3797,201542.6496,103844.9733,4590481.7492,2966707.8021,0.0
