ts_code,name,trade_date,open,high,low,close,pre_close,change,pct_chg,vol,amount
002408.SZ,齐翔腾达,20241231,5.18,5.2,5.02,5.03,5.17,-0.14,-2.7079,167117.8,85152.306
002408.SZ,齐翔腾达,20241230,5.26,5.28,5.18,5.23,5.26,-0.03,-0.5703,101813.7,53163.362
002408.SZ,齐翔腾达,20241227,5.19,5.29,5.17,5.26,5.18,0.08,1.5444,136026.52,71388.175
002408.SZ,齐翔腾达,20241226,5.17,5.2,5.16,5.18,5.18,0.0,0.0,114785.63,59454.537
002408.SZ,齐翔腾达,20241225,5.26,5.27,5.14,5.18,5.25,-0.07,-1.3333,130113.23,67309.186
002408.SZ,齐翔腾达,20241224,5.17,5.27,5.17,5.25,5.17,0.08,1.5474,122263.59,63912.951
002408.SZ,齐翔腾达,20241223,5.27,5.29,5.16,5.17,5.29,-0.12,-2.2684,176174.93,91878.461
002408.SZ,齐翔腾达,20241220,5.35,5.38,5.26,5.29,5.36,-0.07,-1.306,176279.87,93557.398
002408.SZ,齐翔腾达,20241219,5.33,5.37,5.24,5.36,5.37,-0.01,-0.1862,220507.96,116863.388
002408.SZ,齐翔腾达,20241218,5.46,5.48,5.35,5.37,5.44,-0.07,-1.2868,242137.31,130782.475
002408.SZ,齐翔腾达,20241217,5.62,5.76,5.4,5.44,5.62,-0.18,-3.2028,419056.27,231240.856
002408.SZ,齐翔腾达,20241216,5.43,5.8,5.38,5.62,5.41,0.21,3.8817,571895.19,320483.539
002408.SZ,齐翔腾达,20241213,5.56,5.56,5.4,5.41,5.56,-0.15,-2.6978,225488.22,122797.986
002408.SZ,齐翔腾达,20241212,5.54,5.6,5.5,5.56,5.54,0.02,0.361,156874.92,87094.954
002408.SZ,齐翔腾达,20241211,5.5,5.57,5.48,5.54,5.51,0.03,0.5445,186660.03,103441.495
002408.SZ,齐翔腾达,20241210,5.65,5.72,5.5,5.51,5.55,-0.04,-0.7207,302309.0,168426.948
002408.SZ,齐翔腾达,20241209,5.49,5.61,5.46,5.55,5.49,0.06,1.0929,301947.53,167752.578
002408.SZ,齐翔腾达,20241206,5.3,5.5,5.28,5.49,5.29,0.2,3.7807,325004.75,175943.339
002408.SZ,齐翔腾达,20241205,5.3,5.33,5.28,5.29,5.32,-0.03,-0.5639,142517.38,75551.751
002408.SZ,齐翔腾达,20241204,5.4,5.42,5.29,5.32,5.42,-0.1,-1.845,131141.29,70286.903
002408.SZ,齐翔腾达,20241203,5.44,5.44,5.35,5.42,5.41,0.01,0.1848,140297.89,75735.408
002408.SZ,齐翔腾达,20241202,5.3,5.44,5.27,5.41,5.29,0.12,2.2684,182794.26,98277.924
002408.SZ,齐翔腾达,20241129,5.23,5.31,5.18,5.29,5.24,0.05,0.9542,158761.24,83647.847
002408.SZ,齐翔腾达,20241128,5.23,5.29,5.2,5.24,5.23,0.01,0.1912,163144.35,85556.347
002408.SZ,齐翔腾达,20241127,5.25,5.26,5.07,5.23,5.26,-0.03,-0.5703,252921.97,130418.01
002408.SZ,齐翔腾达,20241126,5.36,5.37,5.23,5.26,5.36,-0.1,-1.8657,196042.69,103716.077
002408.SZ,齐翔腾达,20241125,5.35,5.42,5.28,5.36,5.32,0.04,0.7519,168625.32,90293.617
002408.SZ,齐翔腾达,20241122,5.54,5.58,5.3,5.32,5.55,-0.23,-4.1441,263599.02,143480.291
002408.SZ,齐翔腾达,20241121,5.61,5.64,5.49,5.55,5.59,-0.04,-0.7156,189296.74,104875.153
002408.SZ,齐翔腾达,20241120,5.44,5.59,5.43,5.59,5.43,0.16,2.9466,342445.89,189003.616
002408.SZ,齐翔腾达,20241119,5.36,5.47,5.29,5.43,5.32,0.11,2.0677,218961.03,117823.207
002408.SZ,齐翔腾达,20241118,5.32,5.43,5.28,5.32,5.29,0.03,0.5671,236119.99,126478.626
002408.SZ,齐翔腾达,20241115,5.36,5.41,5.28,5.29,5.38,-0.09,-1.6729,180888.41,96797.832
002408.SZ,齐翔腾达,20241114,5.49,5.52,5.35,5.38,5.49,-0.11,-2.0036,221338.4,120355.445
002408.SZ,齐翔腾达,20241113,5.45,5.55,5.38,5.49,5.46,0.03,0.5495,229323.82,125142.739
002408.SZ,齐翔腾达,20241112,5.49,5.59,5.42,5.46,5.49,-0.03,-0.5464,317946.4,175551.971
002408.SZ,齐翔腾达,20241111,5.41,5.49,5.36,5.49,5.44,0.05,0.9191,281979.69,153105.682
002408.SZ,齐翔腾达,20241108,5.51,5.55,5.4,5.44,5.5,-0.06,-1.0909,269072.75,146994.81
002408.SZ,齐翔腾达,20241107,5.3,5.5,5.3,5.5,5.35,0.15,2.8037,350595.66,190687.092
002408.SZ,齐翔腾达,20241106,5.31,5.41,5.29,5.35,5.32,0.03,0.5639,305112.71,163424.654
002408.SZ,齐翔腾达,20241105,5.28,5.32,5.25,5.32,5.28,0.04,0.7576,373078.22,197152.637
002408.SZ,齐翔腾达,20241104,5.25,5.28,5.18,5.28,5.23,0.05,0.956,267075.98,139545.212
002408.SZ,齐翔腾达,20241101,5.24,5.32,5.19,5.23,5.24,-0.01,-0.1908,211323.78,111081.077
002408.SZ,齐翔腾达,20241031,5.3,5.33,5.16,5.24,5.38,-0.14,-2.6022,316379.48,165597.494
002408.SZ,齐翔腾达,20241030,5.33,5.4,5.29,5.38,5.33,0.05,0.9381,167970.5,89831.798
002408.SZ,齐翔腾达,20241029,5.52,5.53,5.3,5.33,5.53,-0.2,-3.6166,242739.0,130550.093
002408.SZ,齐翔腾达,20241028,5.45,5.55,5.37,5.53,5.4,0.13,2.4074,198711.07,108645.216
002408.SZ,齐翔腾达,20241025,5.27,5.41,5.26,5.4,5.26,0.14,2.6616,223895.37,120203.574
002408.SZ,齐翔腾达,20241024,5.27,5.32,5.23,5.26,5.28,-0.02,-0.3788,152403.78,80243.334
002408.SZ,齐翔腾达,20241023,5.26,5.35,5.23,5.28,5.25,0.03,0.5714,243573.02,128717.427
002408.SZ,齐翔腾达,20241022,5.17,5.26,5.14,5.25,5.18,0.07,1.3514,225334.4,116939.429
002408.SZ,齐翔腾达,20241021,5.25,5.27,5.13,5.18,5.24,-0.06,-1.145,265725.31,137655.375
002408.SZ,齐翔腾达,20241018,5.12,5.33,5.08,5.24,5.12,0.12,2.3438,223988.75,116525.331
002408.SZ,齐翔腾达,20241017,5.22,5.27,5.11,5.12,5.22,-0.1,-1.9157,155284.88,80384.799
002408.SZ,齐翔腾达,20241016,5.12,5.27,5.11,5.22,5.17,0.05,0.9671,151562.41,78879.783
002408.SZ,齐翔腾达,20241015,5.29,5.35,5.16,5.17,5.31,-0.14,-2.6365,164521.88,86410.605
002408.SZ,齐翔腾达,20241014,5.26,5.33,5.2,5.31,5.22,0.09,1.7241,171545.56,90453.57
002408.SZ,齐翔腾达,20241011,5.41,5.45,5.18,5.22,5.41,-0.19,-3.512,204343.72,108241.864
002408.SZ,齐翔腾达,20241010,5.48,5.62,5.35,5.41,5.41,0.0,0.0,278126.13,152709.691
002408.SZ,齐翔腾达,20241009,5.87,5.87,5.39,5.41,5.91,-0.5,-8.4602,368432.14,205847.979
002408.SZ,齐翔腾达,20241008,6.32,6.34,5.67,5.91,5.76,0.15,2.6042,593834.87,355807.298
002408.SZ,齐翔腾达,20240930,5.44,5.82,5.44,5.76,5.31,0.45,8.4746,421586.98,238953.54
002408.SZ,齐翔腾达,20240927,5.19,5.4,5.17,5.31,5.14,0.17,3.3074,245763.24,129432.211
002408.SZ,齐翔腾达,20240926,4.96,5.14,4.94,5.14,4.96,0.18,3.629,149029.28,75154.019
002408.SZ,齐翔腾达,20240925,4.99,5.09,4.94,4.96,4.91,0.05,1.0183,139324.42,69877.479
002408.SZ,齐翔腾达,20240924,4.67,4.92,4.67,4.91,4.67,0.24,5.1392,168027.01,81142.294
002408.SZ,齐翔腾达,20240923,4.61,4.67,4.59,4.67,4.62,0.05,1.0823,68973.25,32051.152
002408.SZ,齐翔腾达,20240920,4.66,4.67,4.57,4.62,4.63,-0.01,-0.216,74660.93,34407.593
002408.SZ,齐翔腾达,20240919,4.53,4.68,4.51,4.63,4.51,0.12,2.6608,101759.11,46795.917
002408.SZ,齐翔腾达,20240918,4.58,4.6,4.4,4.51,4.61,-0.1,-2.1692,141780.38,63362.061
002408.SZ,齐翔腾达,20240913,4.65,4.68,4.6,4.61,4.66,-0.05,-1.073,60089.0,27834.28
002408.SZ,齐翔腾达,20240912,4.69,4.77,4.66,4.66,4.69,-0.03,-0.6397,68640.4,32223.217
002408.SZ,齐翔腾达,20240911,4.64,4.73,4.63,4.69,4.71,-0.02,-0.4246,93230.0,43718.643
002408.SZ,齐翔腾达,20240910,4.83,4.86,4.62,4.71,4.84,-0.13,-2.686,170730.6,80255.702
002408.SZ,齐翔腾达,20240909,4.98,5.0,4.82,4.84,5.04,-0.2,-3.9683,168919.09,82739.605
002408.SZ,齐翔腾达,20240906,5.13,5.17,5.03,5.04,5.15,-0.11,-2.1359,81952.14,41669.392
002408.SZ,齐翔腾达,20240905,5.16,5.2,5.13,5.15,5.18,-0.03,-0.5792,70077.34,36158.578
002408.SZ,齐翔腾达,20240904,5.19,5.22,5.14,5.18,5.22,-0.04,-0.7663,70286.27,36421.25
002408.SZ,齐翔腾达,20240903,5.17,5.26,5.15,5.22,5.2,0.02,0.3846,108675.62,56502.101
002408.SZ,齐翔腾达,20240902,5.29,5.3,5.04,5.2,5.29,-0.09,-1.7013,229693.87,118344.277
002408.SZ,齐翔腾达,20240830,5.22,5.34,5.21,5.29,5.22,0.07,1.341,139700.67,73860.22
002408.SZ,齐翔腾达,20240829,5.18,5.23,5.16,5.22,5.18,0.04,0.7722,108491.86,56444.574
002408.SZ,齐翔腾达,20240828,5.12,5.21,5.12,5.18,5.14,0.04,0.7782,79666.45,41271.615
002408.SZ,齐翔腾达,20240827,5.1,5.18,5.1,5.14,5.11,0.03,0.5871,77360.32,39751.685
002408.SZ,齐翔腾达,20240826,5.06,5.13,5.04,5.11,5.06,0.05,0.9881,58043.2,29571.916
002408.SZ,齐翔腾达,20240823,5.01,5.11,5.0,5.06,4.99,0.07,1.4028,103582.72,52331.73
002408.SZ,齐翔腾达,20240822,5.08,5.09,4.99,4.99,5.06,-0.07,-1.3834,72835.86,36691.55
002408.SZ,齐翔腾达,20240821,5.08,5.14,5.05,5.06,5.09,-0.03,-0.5894,60018.25,30549.129
002408.SZ,齐翔腾达,20240820,5.18,5.21,5.08,5.09,5.19,-0.1,-1.9268,70585.6,36187.558
002408.SZ,齐翔腾达,20240819,5.13,5.23,5.13,5.19,5.13,0.06,1.1696,80688.0,41914.676
002408.SZ,齐翔腾达,20240816,5.15,5.18,5.12,5.13,5.15,-0.02,-0.3883,64068.2,32908.213
002408.SZ,齐翔腾达,20240815,5.11,5.22,5.1,5.15,5.12,0.03,0.5859,76256.31,39382.135
002408.SZ,齐翔腾达,20240814,5.17,5.2,5.11,5.12,5.19,-0.07,-1.3487,57183.4,29384.543
002408.SZ,齐翔腾达,20240813,5.12,5.19,5.11,5.19,5.13,0.06,1.1696,61363.6,31633.51
002408.SZ,齐翔腾达,20240812,5.17,5.18,5.1,5.13,5.18,-0.05,-0.9653,65906.8,33872.651
002408.SZ,齐翔腾达,20240809,5.2,5.24,5.14,5.18,5.18,0.0,0.0,89077.23,46115.757
002408.SZ,齐翔腾达,20240808,5.11,5.2,5.1,5.18,5.12,0.06,1.1719,81697.26,42139.719
002408.SZ,齐翔腾达,20240807,5.12,5.16,5.06,5.12,5.14,-0.02,-0.3891,76040.06,38871.619
002408.SZ,齐翔腾达,20240806,5.14,5.22,5.09,5.14,5.11,0.03,0.5871,92124.6,47355.618
002408.SZ,齐翔腾达,20240805,5.18,5.27,5.1,5.11,5.21,-0.1,-1.9194,128242.81,66332.155
002408.SZ,齐翔腾达,20240802,5.22,5.29,5.2,5.21,5.25,-0.04,-0.7619,79898.4,41875.774
002408.SZ,齐翔腾达,20240801,5.31,5.38,5.25,5.25,5.31,-0.06,-1.1299,99251.0,52571.977
002408.SZ,齐翔腾达,20240731,5.11,5.31,5.08,5.31,5.1,0.21,4.1176,175999.18,92154.824
002408.SZ,齐翔腾达,20240730,5.07,5.12,5.04,5.1,5.1,0.0,0.0,65506.89,33309.188
002408.SZ,齐翔腾达,20240729,5.11,5.14,5.07,5.1,5.12,-0.02,-0.3906,63990.43,32677.318
002408.SZ,齐翔腾达,20240726,5.03,5.13,5.02,5.12,5.04,0.08,1.5873,87576.81,44649.24
002408.SZ,齐翔腾达,20240725,5.05,5.07,4.96,5.04,5.07,-0.03,-0.5917,103875.09,52064.699
002408.SZ,齐翔腾达,20240724,5.07,5.12,5.03,5.07,5.09,-0.02,-0.3929,102114.74,51818.051
002408.SZ,齐翔腾达,20240723,5.2,5.22,5.08,5.09,5.19,-0.1,-1.9268,118969.12,61186.812
002408.SZ,齐翔腾达,20240722,5.24,5.28,5.16,5.19,5.25,-0.06,-1.1429,115298.75,60000.731
002408.SZ,齐翔腾达,20240719,5.26,5.28,5.2,5.25,5.3,-0.05,-0.9434,143455.03,75170.31
002408.SZ,齐翔腾达,20240718,5.28,5.32,5.21,5.3,5.3,0.0,0.0,158090.1,83274.304
002408.SZ,齐翔腾达,20240717,5.32,5.33,5.26,5.3,5.35,-0.05,-0.9346,135909.28,71984.767
002408.SZ,齐翔腾达,20240716,5.55,5.56,5.22,5.35,5.57,-0.22,-3.9497,347301.43,186558.94
002408.SZ,齐翔腾达,20240715,5.66,5.66,5.56,5.57,5.67,-0.1,-1.7637,144123.33,80735.68
002408.SZ,齐翔腾达,20240712,5.7,5.71,5.65,5.67,5.72,-0.05,-0.8741,191043.8,108404.684
002408.SZ,齐翔腾达,20240711,5.7,5.74,5.64,5.72,5.64,0.08,1.4184,287735.06,163898.87
002408.SZ,齐翔腾达,20240710,5.62,5.69,5.58,5.64,5.66,-0.02,-0.3534,224361.92,126418.28
002408.SZ,齐翔腾达,20240709,5.5,5.68,5.43,5.66,5.47,0.19,3.4735,346741.29,193416.686
002408.SZ,齐翔腾达,20240708,5.5,5.59,5.45,5.47,5.49,-0.02,-0.3643,218510.61,120445.149
002408.SZ,齐翔腾达,20240705,5.45,5.52,5.37,5.49,5.43,0.06,1.105,180083.6,98159.996
002408.SZ,齐翔腾达,20240704,5.5,5.59,5.43,5.43,5.48,-0.05,-0.9124,205291.52,113004.481
002408.SZ,齐翔腾达,20240703,5.51,5.55,5.47,5.48,5.55,-0.07,-1.2613,167482.15,92228.962
002408.SZ,齐翔腾达,20240702,5.65,5.73,5.52,5.55,5.66,-0.11,-1.9435,326636.9,183308.338
002408.SZ,齐翔腾达,20240701,5.6,5.66,5.52,5.66,5.6,0.06,1.0714,209254.44,117277.724
002408.SZ,齐翔腾达,20240628,5.59,5.66,5.57,5.6,5.59,0.01,0.1789,241591.14,135672.274
002408.SZ,齐翔腾达,20240627,5.67,5.67,5.56,5.59,5.66,-0.07,-1.2367,225814.36,126540.4
002408.SZ,齐翔腾达,20240626,5.53,5.66,5.44,5.66,5.53,0.13,2.3508,260077.02,144603.422
002408.SZ,齐翔腾达,20240625,5.43,5.6,5.43,5.53,5.45,0.08,1.4679,237038.57,130723.339
002408.SZ,齐翔腾达,20240624,5.66,5.66,5.45,5.45,5.64,-0.19,-3.3688,246543.88,136062.198
002408.SZ,齐翔腾达,20240621,5.58,5.7,5.52,5.64,5.6,0.04,0.7143,258490.12,145402.927
002408.SZ,齐翔腾达,20240620,5.57,5.65,5.53,5.6,5.57,0.03,0.5386,273554.16,153379.955
002408.SZ,齐翔腾达,20240619,5.7,5.7,5.56,5.57,5.7,-0.13,-2.2807,270843.75,151762.959
002408.SZ,齐翔腾达,20240618,5.71,5.75,5.62,5.7,5.7,0.0,0.0,317895.35,180626.732
002408.SZ,齐翔腾达,20240617,5.62,5.76,5.59,5.7,5.68,0.02,0.3521,345074.55,196288.317
002408.SZ,齐翔腾达,20240614,5.76,5.79,5.59,5.68,5.81,-0.13,-2.2375,440231.34,249083.183
002408.SZ,齐翔腾达,20240613,5.85,6.0,5.8,5.81,6.03,-0.22,-3.6484,750908.49,441754.886
002408.SZ,齐翔腾达,20240612,6.0,6.36,5.68,6.03,5.79,0.24,4.1451,1073884.8,633116.916
002408.SZ,齐翔腾达,20240611,5.79,5.79,5.79,5.79,5.26,0.53,10.076,92416.21,53508.986
002408.SZ,齐翔腾达,20240607,5.25,5.32,5.16,5.26,5.17,0.09,1.7408,130003.68,67964.878
002408.SZ,齐翔腾达,20240606,5.27,5.31,5.13,5.17,5.24,-0.07,-1.3359,124712.08,64747.433
002408.SZ,齐翔腾达,20240605,5.47,5.49,5.29,5.31,5.47,-0.16,-2.925,121869.16,65339.627
002408.SZ,齐翔腾达,20240604,5.3,5.5,5.24,5.47,5.31,0.16,3.0132,157234.8,84484.22
002408.SZ,齐翔腾达,20240603,5.44,5.45,5.26,5.31,5.45,-0.14,-2.5688,140043.45,74758.25
002408.SZ,齐翔腾达,20240531,5.48,5.55,5.44,5.45,5.49,-0.04,-0.7286,119143.74,65353.697
002408.SZ,齐翔腾达,20240530,5.52,5.64,5.48,5.49,5.52,-0.03,-0.5435,162131.23,90225.439
002408.SZ,齐翔腾达,20240529,5.4,5.58,5.38,5.52,5.51,0.01,0.1815,153948.94,84563.008
002408.SZ,齐翔腾达,20240528,5.49,5.61,5.46,5.51,5.49,0.02,0.3643,187974.0,103838.251
002408.SZ,齐翔腾达,20240527,5.44,5.5,5.39,5.49,5.43,0.06,1.105,111494.96,60654.054
002408.SZ,齐翔腾达,20240524,5.44,5.54,5.42,5.43,5.45,-0.02,-0.367,105117.67,57486.302
002408.SZ,齐翔腾达,20240523,5.57,5.6,5.43,5.45,5.58,-0.13,-2.3297,163925.83,89799.274
002408.SZ,齐翔腾达,20240522,5.64,5.68,5.57,5.58,5.67,-0.09,-1.5873,111168.35,62381.887
002408.SZ,齐翔腾达,20240521,5.75,5.76,5.62,5.67,5.76,-0.09,-1.5625,150960.8,85753.104
002408.SZ,齐翔腾达,20240520,5.79,5.87,5.74,5.76,5.76,0.0,0.0,154853.09,89653.114
002408.SZ,齐翔腾达,20240517,5.62,5.77,5.6,5.76,5.63,0.13,2.3091,175209.98,99772.911
002408.SZ,齐翔腾达,20240516,5.7,5.74,5.6,5.63,5.7,-0.07,-1.2281,167159.09,94716.119
002408.SZ,齐翔腾达,20240515,5.69,5.78,5.6,5.7,5.7,0.0,0.0,176150.0,100276.011
002408.SZ,齐翔腾达,20240514,5.75,5.81,5.67,5.7,5.74,-0.04,-0.6969,208788.27,119635.929
002408.SZ,齐翔腾达,20240513,5.74,5.8,5.6,5.74,5.75,-0.01,-0.1739,251783.95,143737.225
002408.SZ,齐翔腾达,20240510,5.76,5.81,5.66,5.75,5.76,-0.01,-0.1736,213985.4,122581.922
002408.SZ,齐翔腾达,20240509,5.81,5.92,5.72,5.76,5.79,-0.03,-0.5181,289756.8,168152.995
002408.SZ,齐翔腾达,20240508,5.98,5.98,5.76,5.79,5.99,-0.2,-3.3389,399482.26,233160.229
002408.SZ,齐翔腾达,20240507,5.66,6.02,5.63,5.99,5.68,0.31,5.4577,533481.73,313052.405
002408.SZ,齐翔腾达,20240506,5.45,5.71,5.4,5.68,5.39,0.29,5.3803,350618.1,195797.308
002408.SZ,齐翔腾达,20240430,5.4,5.46,5.34,5.39,5.37,0.02,0.3724,176635.4,95283.309
002408.SZ,齐翔腾达,20240429,5.25,5.38,5.19,5.37,5.25,0.12,2.2857,264336.39,140642.971
002408.SZ,齐翔腾达,20240426,5.15,5.26,5.12,5.25,5.19,0.06,1.1561,193998.79,100754.628
002408.SZ,齐翔腾达,20240425,5.08,5.27,5.07,5.19,5.13,0.06,1.1696,180510.04,93939.924
002408.SZ,齐翔腾达,20240424,5.08,5.18,4.96,5.13,5.1,0.03,0.5882,189156.12,95908.048
002408.SZ,齐翔腾达,20240423,5.24,5.28,5.06,5.1,5.27,-0.17,-3.2258,284784.13,145924.593
002408.SZ,齐翔腾达,20240422,5.37,5.62,5.26,5.27,5.37,-0.1,-1.8622,304933.14,163971.497
002408.SZ,齐翔腾达,20240419,5.16,5.45,5.16,5.37,5.2,0.17,3.2692,340813.35,181551.785
002408.SZ,齐翔腾达,20240418,5.3,5.31,5.18,5.2,5.3,-0.1,-1.8868,220777.4,115416.518
002408.SZ,齐翔腾达,20240417,5.09,5.32,5.08,5.3,5.03,0.27,5.3678,291987.25,152378.509
002408.SZ,齐翔腾达,20240416,5.14,5.3,5.03,5.03,5.2,-0.17,-3.2692,272540.56,140421.05
002408.SZ,齐翔腾达,20240415,5.31,5.42,5.04,5.2,5.31,-0.11,-2.0716,361283.26,188149.079
002408.SZ,齐翔腾达,20240412,5.16,5.52,5.13,5.31,5.17,0.14,2.7079,372747.23,198601.852
002408.SZ,齐翔腾达,20240411,5.12,5.23,5.07,5.17,5.13,0.04,0.7797,157400.14,81540.901
002408.SZ,齐翔腾达,20240410,5.19,5.21,5.09,5.13,5.13,0.0,0.0,170024.93,87594.198
002408.SZ,齐翔腾达,20240409,5.12,5.17,5.09,5.13,5.12,0.01,0.1953,120461.82,61776.908
002408.SZ,齐翔腾达,20240408,5.19,5.27,5.1,5.12,5.19,-0.07,-1.3487,137330.71,71282.008
002408.SZ,齐翔腾达,20240403,5.18,5.25,5.15,5.19,5.14,0.05,0.9728,167020.21,86777.997
002408.SZ,齐翔腾达,20240402,5.04,5.16,5.03,5.14,5.05,0.09,1.7822,181116.61,92759.11
002408.SZ,齐翔腾达,20240401,4.94,5.06,4.94,5.05,4.94,0.11,2.2267,117014.53,58867.789
002408.SZ,齐翔腾达,20240329,4.87,4.96,4.86,4.94,4.86,0.08,1.6461,107262.8,52886.746
002408.SZ,齐翔腾达,20240328,4.85,4.93,4.84,4.86,4.85,0.01,0.2062,99329.0,48462.4
002408.SZ,齐翔腾达,20240327,4.9,4.96,4.84,4.85,4.9,-0.05,-1.0204,108949.99,53292.17
002408.SZ,齐翔腾达,20240326,4.9,4.95,4.81,4.9,4.91,-0.01,-0.2037,111450.14,54367.093
002408.SZ,齐翔腾达,20240325,4.97,5.02,4.9,4.91,4.98,-0.07,-1.4056,113327.6,56104.097
002408.SZ,齐翔腾达,20240322,5.06,5.07,4.97,4.98,5.08,-0.1,-1.9685,109541.2,54826.531
002408.SZ,齐翔腾达,20240321,5.08,5.1,5.04,5.08,5.07,0.01,0.1972,107726.43,54639.578
002408.SZ,齐翔腾达,20240320,5.02,5.08,5.0,5.07,5.02,0.05,0.996,132275.68,66779.344
002408.SZ,齐翔腾达,20240319,5.08,5.1,5.01,5.02,5.09,-0.07,-1.3752,140434.01,70962.779
002408.SZ,齐翔腾达,20240318,5.05,5.11,5.02,5.09,5.05,0.04,0.7921,164338.29,83201.668
002408.SZ,齐翔腾达,20240315,5.0,5.06,4.93,5.05,5.01,0.04,0.7984,144850.06,72306.8
002408.SZ,齐翔腾达,20240314,5.07,5.15,4.98,5.01,5.06,-0.05,-0.9881,169303.77,85639.382
002408.SZ,齐翔腾达,20240313,5.09,5.18,5.02,5.06,5.02,0.04,0.7968,182812.01,92786.874
002408.SZ,齐翔腾达,20240312,4.97,5.09,4.94,5.02,4.96,0.06,1.2097,171347.38,85611.165
002408.SZ,齐翔腾达,20240311,4.87,4.96,4.86,4.96,4.87,0.09,1.848,141033.29,69362.029
002408.SZ,齐翔腾达,20240308,4.85,4.9,4.82,4.87,4.83,0.04,0.8282,118752.65,57689.473
002408.SZ,齐翔腾达,20240307,4.86,4.97,4.83,4.83,4.85,-0.02,-0.4124,175763.28,86019.282
002408.SZ,齐翔腾达,20240306,4.8,4.89,4.78,4.85,4.8,0.05,1.0417,119740.13,57875.227
002408.SZ,齐翔腾达,20240305,4.84,4.86,4.77,4.8,4.86,-0.06,-1.2346,127418.2,61238.857
002408.SZ,齐翔腾达,20240304,4.96,4.98,4.83,4.86,4.97,-0.11,-2.2133,157665.88,76837.261
002408.SZ,齐翔腾达,20240301,5.02,5.07,4.93,4.97,4.97,0.0,0.0,202481.94,100837.155
002408.SZ,齐翔腾达,20240229,4.85,4.98,4.8,4.97,4.82,0.15,3.112,269240.52,132176.324
002408.SZ,齐翔腾达,20240228,4.89,5.08,4.82,4.82,4.89,-0.07,-1.4315,317112.98,156908.099
002408.SZ,齐翔腾达,20240227,4.76,4.89,4.76,4.89,4.78,0.11,2.3013,179307.3,86504.057
002408.SZ,齐翔腾达,20240226,4.82,4.87,4.76,4.78,4.81,-0.03,-0.6237,205443.46,98702.797
002408.SZ,齐翔腾达,20240223,4.85,4.87,4.71,4.81,4.83,-0.02,-0.4141,213843.8,102043.24
002408.SZ,齐翔腾达,20240222,4.84,4.88,4.76,4.83,4.83,0.0,0.0,177560.32,85409.283
002408.SZ,齐翔腾达,20240221,4.73,4.94,4.66,4.83,4.77,0.06,1.2579,245798.91,118601.263
002408.SZ,齐翔腾达,20240220,4.92,4.95,4.71,4.77,4.94,-0.17,-3.4413,247841.96,118358.975
002408.SZ,齐翔腾达,20240219,5.33,5.33,4.85,4.94,5.21,-0.27,-5.1823,481363.08,241538.811
002408.SZ,齐翔腾达,20240208,4.86,5.21,4.74,5.21,4.74,0.47,9.9156,277864.11,141093.59
002408.SZ,齐翔腾达,20240207,4.33,4.74,4.33,4.74,4.31,0.43,9.9768,332997.36,154378.831
002408.SZ,齐翔腾达,20240206,3.92,4.31,3.89,4.31,3.92,0.39,9.949,282496.82,117838.801
002408.SZ,齐翔腾达,20240205,4.16,4.24,3.79,3.92,4.19,-0.27,-6.4439,341149.79,136625.857
002408.SZ,齐翔腾达,20240202,4.4,4.48,4.02,4.19,4.4,-0.21,-4.7727,233791.03,99554.552
002408.SZ,齐翔腾达,20240201,4.46,4.55,4.34,4.4,4.49,-0.09,-2.0045,148293.1,65720.111
002408.SZ,齐翔腾达,20240131,4.62,4.65,4.46,4.49,4.7,-0.21,-4.4681,191611.29,87228.495
002408.SZ,齐翔腾达,20240130,4.82,4.88,4.69,4.7,4.84,-0.14,-2.8926,100847.31,48415.268
002408.SZ,齐翔腾达,20240129,4.94,4.97,4.83,4.84,4.93,-0.09,-1.8256,94723.78,46399.857
002408.SZ,齐翔腾达,20240126,4.91,4.99,4.89,4.93,4.91,0.02,0.4073,103046.12,50996.262
002408.SZ,齐翔腾达,20240125,4.65,4.92,4.64,4.91,4.64,0.27,5.819,143009.52,68647.309
002408.SZ,齐翔腾达,20240124,4.57,4.65,4.47,4.64,4.55,0.09,1.978,110957.86,50802.014
002408.SZ,齐翔腾达,20240123,4.5,4.57,4.41,4.55,4.49,0.06,1.3363,133765.63,60320.188
002408.SZ,齐翔腾达,20240122,4.81,4.81,4.44,4.49,4.8,-0.31,-6.4583,167789.22,77631.042
002408.SZ,齐翔腾达,20240119,4.81,4.87,4.77,4.8,4.8,0.0,0.0,100158.13,48416.329
002408.SZ,齐翔腾达,20240118,4.83,4.85,4.68,4.8,4.86,-0.06,-1.2346,143223.7,68173.354
002408.SZ,齐翔腾达,20240117,4.96,4.97,4.86,4.86,4.96,-0.1,-2.0161,91330.89,44913.243
002408.SZ,齐翔腾达,20240116,5.0,5.02,4.88,4.96,4.98,-0.02,-0.4016,103238.2,50965.815
002408.SZ,齐翔腾达,20240115,5.03,5.05,4.95,4.98,5.04,-0.06,-1.1905,68172.38,34078.896
002408.SZ,齐翔腾达,20240112,5.02,5.11,5.01,5.04,5.02,0.02,0.3984,84054.45,42556.386
002408.SZ,齐翔腾达,20240111,5.01,5.05,4.96,5.02,5.01,0.01,0.1996,83072.66,41566.257
002408.SZ,齐翔腾达,20240110,4.98,5.07,4.95,5.01,5.0,0.01,0.2,69368.47,34788.369
002408.SZ,齐翔腾达,20240109,5.05,5.07,4.92,5.0,5.06,-0.06,-1.1858,132961.0,66525.53
002408.SZ,齐翔腾达,20240108,5.19,5.22,5.05,5.06,5.19,-0.13,-2.5048,106849.46,54695.451
002408.SZ,齐翔腾达,20240105,5.28,5.28,5.17,5.19,5.28,-0.09,-1.7045,94672.0,49538.332
002408.SZ,齐翔腾达,20240104,5.33,5.36,5.25,5.28,5.33,-0.05,-0.9381,71405.4,37778.906
002408.SZ,齐翔腾达,20240103,5.35,5.36,5.3,5.33,5.3,0.03,0.566,88967.6,47409.386
002408.SZ,齐翔腾达,20240102,5.29,5.35,5.26,5.3,5.28,0.02,0.3788,78931.39,41916.21
