ts_code,name,trade_date,close,turnover_rate,turnover_rate_f,volume_ratio,pe,pe_ttm,pb,ps,ps_ttm,dv_ratio,dv_ttm,total_share,float_share,free_share,total_mv,circ_mv,limit_status
300923.SZ,研奥股份,20261009,23.68,1.6483,3.119,1.08,53.7685,76.1141,1.6653,4.0098,4.8322,1.8882,1.8882,7860.0,7672.825,4054.825,186125.0368,181692.6144,4
300923.SZ,研奥股份,20261008,23.97,1.2108,2.2911,0.81,54.427,77.0463,1.6857,4.0589,4.8913,1.8654,1.8654,7860.0,7672.825,4054.825,188404.4397,183917.7351,1
300923.SZ,研奥股份,20260930,23.92,1.3455,2.5461,0.9,54.3134,76.8856,1.6822,4.0504,4.8811,1.8693,1.8693,7860.0,7672.825,4054.825,188011.4392,183534.0936,4
300923.SZ,研奥股份,20260929,23.97,1.5633,2.9582,1.05,54.427,77.0463,1.6857,4.0589,4.8913,1.8654,1.8654,7860.0,7672.825,4054.825,188404.4397,183917.7351,1
300923.SZ,研奥股份,20260928,23.7,1.9623,3.7131,1.5,53.8139,76.1784,1.6667,4.0132,4.8362,1.8867,1.8867,7860.0,7672.825,4054.825,186282.237,181846.071,4
300923.SZ,研奥股份,20260924,24.14,1.5748,2.98,1.16,54.813,77.5927,1.6977,4.0877,4.926,1.8523,1.8523,7860.0,7672.825,4054.825,189740.6414,185222.1162,1
300923.SZ,研奥股份,20260923,23.96,0.9994,1.8911,0.61,54.4043,77.0141,1.685,4.0572,4.8893,1.8662,1.8662,7860.0,7672.825,4054.825,188325.8396,183841.0068,4
300923.SZ,研奥股份,20260922,23.99,1.3519,2.5582,0.71,54.4724,77.1106,1.6871,4.0623,4.8954,1.8638,1.8638,7860.0,7672.825,4054.825,188561.6399,184071.1917,1
300923.SZ,研奥股份,20260921,23.79,1.5582,2.9486,0.74,54.0182,76.4677,1.6731,4.0284,4.8546,1.8795,1.8795,7860.0,7672.825,4054.825,186989.6379,182536.6257,1
300923.SZ,研奥股份,20260918,23.14,1.0667,2.0185,0.44,52.5423,74.3784,1.6274,3.9184,4.722,1.9323,1.9323,7860.0,7672.825,4054.825,181880.6314,177549.2862,4
300923.SZ,研奥股份,20260917,23.16,1.8344,3.4289,0.72,52.5877,74.4427,1.6288,3.9218,4.726,1.9306,1.9306,7860.0,7672.825,4104.825,182037.8316,178860.7428,1
300923.SZ,研奥股份,20260916,23.01,2.3467,4.415,0.89,52.2472,73.9606,1.6182,3.8964,4.6954,1.9432,1.9432,7860.0,7722.825,4104.825,180858.8301,177702.3183,1
300923.SZ,研奥股份,20260915,22.56,2.6934,5.0675,1.17,51.2254,72.5142,1.5866,3.8202,4.6036,1.982,1.982,7860.0,7722.825,4104.825,177321.8256,174227.0448,4
300923.SZ,研奥股份,20260914,23.81,2.4773,4.6608,1.23,54.0637,76.532,1.6745,4.0318,4.8587,1.8779,1.8779,7860.0,7722.825,4104.825,187146.8381,183880.5823,1
300923.SZ,研奥股份,20260911,22.96,2.8119,5.2904,1.62,52.1336,73.7999,1.6147,3.8879,4.6852,1.9475,1.9475,7860.0,7722.825,4104.825,180465.8296,177316.1768,4
300923.SZ,研奥股份,20260910,24.19,2.3537,4.4282,1.52,54.9265,77.7534,1.7012,4.0962,4.9362,1.8484,1.8484,7860.0,7722.825,4104.825,190133.6419,186815.2577,4
300923.SZ,研奥股份,20260909,25.0,2.8711,5.4016,2.27,56.7657,80.357,1.7582,4.2333,5.1015,1.7885,1.7885,7860.0,7722.825,4104.825,196500.25,193070.75,1
300923.SZ,研奥股份,20260908,24.81,0.9485,1.7845,0.64,56.3343,79.7463,1.7448,4.2011,5.0627,1.8022,1.8022,7860.0,7722.825,4104.825,195006.8481,191603.4123,4
300923.SZ,研奥股份,20260907,24.9,1.0903,2.0513,0.66,56.5386,80.0356,1.7511,4.2164,5.0811,1.7957,1.7957,7860.0,7722.825,4104.825,195714.249,192298.467,4
300923.SZ,研奥股份,20260904,24.91,1.4404,2.71,0.87,56.5613,80.0677,1.7518,4.2181,5.0832,1.795,1.795,7860.0,7722.825,4104.825,195792.8491,192375.6953,4
300923.SZ,研奥股份,20260903,25.07,1.4047,2.6427,0.82,56.9246,80.582,1.7631,4.2452,5.1158,1.7836,1.7836,7860.0,7722.825,4104.825,197050.4507,193611.3481,4
300923.SZ,研奥股份,20260902,25.13,1.4522,2.7322,0.79,57.0609,80.7749,1.7673,4.2553,5.128,1.7793,1.7793,7860.0,7722.825,4104.825,197522.0513,194074.7179,4
300923.SZ,研奥股份,20260901,25.3,2.0073,3.7765,1.17,57.4469,81.3213,1.7793,4.2841,5.1627,1.7673,1.7673,7860.0,7722.825,4104.825,198858.253,195387.599,4
300923.SZ,研奥股份,20260831,25.86,1.9362,3.6428,1.2,58.7184,83.1213,1.8187,4.3789,5.277,1.7291,1.7291,7860.0,7722.825,4104.825,203259.8586,199712.3838,1
300923.SZ,研奥股份,20260828,25.72,1.5189,2.8577,0.98,58.4006,82.6713,1.8088,4.3552,5.2484,1.7385,1.7385,7860.0,7722.825,4104.825,202159.4572,198631.1876,1
300923.SZ,研奥股份,20260827,25.13,1.6164,3.0412,1.09,57.0609,80.7749,1.7673,4.2553,5.128,1.7793,1.7793,7860.0,7722.825,4104.825,197522.0513,194074.7179,1
300923.SZ,研奥股份,20260826,25.0,2.1266,4.1242,1.32,56.7656,61.9645,1.7158,4.2333,4.3215,1.7885,1.7885,7860.0,7632.6625,3935.6625,196500.0,190816.5,1
300923.SZ,研奥股份,20260825,24.9,1.4192,2.7523,0.63,56.5386,61.7167,1.709,4.2164,4.3042,1.7957,1.7957,7860.0,7632.6625,3935.6625,195714.0,190053.234,1
300923.SZ,研奥股份,20260824,24.48,1.4774,2.8652,0.62,55.5849,60.6757,1.6801,4.1453,4.2316,1.8265,1.8265,7860.0,7632.6625,3935.6625,192412.8,186847.5168,4
300923.SZ,研奥股份,20260821,24.7,1.1624,2.2543,0.48,56.0844,61.2209,1.6952,4.1825,4.2696,1.8103,1.8103,7860.0,7632.6625,3935.6625,194142.0,188526.702,1
300923.SZ,研奥股份,20260820,24.68,1.3493,2.6168,0.54,56.039,61.1714,1.6939,4.1791,4.2661,1.8117,1.8117,7860.0,7632.6625,3935.6625,193984.8,188374.0488,1
300923.SZ,研奥股份,20260819,24.18,2.6288,5.0983,1.22,54.9037,59.9321,1.6595,4.0945,4.1797,1.8492,1.8492,7860.0,7632.6625,3935.6625,190054.8,184557.7188,4
300923.SZ,研奥股份,20260818,25.9,4.6702,9.0572,3.01,58.8092,64.1952,1.7776,4.3857,4.477,1.7264,1.7264,7860.0,7632.6625,3935.6625,203574.0,197685.894,1
300923.SZ,研奥股份,20260817,24.29,2.1356,4.1417,1.52,55.1535,60.2047,1.6671,4.1131,4.1987,1.8408,1.8408,7860.0,7632.6625,3935.6625,190919.4,185397.3114,1
300923.SZ,研奥股份,20260814,23.8,1.4158,2.7458,1.0,54.0409,58.9902,1.6335,4.0301,4.114,1.8787,1.8787,7860.0,7632.6625,3935.6625,187068.0,181657.308,1
300923.SZ,研奥股份,20260813,23.4,1.5351,2.9772,1.03,53.1326,57.9988,1.606,3.9624,4.0449,1.9108,1.9108,7860.0,7632.6625,3935.6625,183924.0,178604.244,4
300923.SZ,研奥股份,20260812,23.84,1.0444,2.0254,0.63,54.1317,59.0894,1.6362,4.0369,4.1209,1.8756,1.8756,7860.0,7632.6625,3935.6625,187382.4,181962.6144,1
300923.SZ,研奥股份,20260811,23.67,1.6204,3.1425,0.93,53.7457,58.668,1.6245,4.0081,4.0916,1.889,1.889,7860.0,7632.6625,3935.6625,186046.2,180665.0622,4
300923.SZ,研奥股份,20260810,23.75,1.4044,2.7236,0.77,53.9274,58.8663,1.63,4.0217,4.1054,1.8827,1.8827,7860.0,7632.6625,3935.6625,186675.0,181275.675,1
300923.SZ,研奥股份,20260807,22.98,1.4895,2.8888,0.75,52.179,56.9578,1.5772,3.8913,3.9723,1.9458,1.9458,7860.0,7632.6625,3935.6625,180622.8,175398.5268,1
300923.SZ,研奥股份,20260806,22.94,1.9154,3.7147,0.88,52.0881,56.8586,1.5744,3.8845,3.9654,1.9492,1.9492,7860.0,7632.6625,3935.6625,180308.4,175093.2204,1
300923.SZ,研奥股份,20260805,22.42,1.8484,3.5847,0.86,50.9074,55.5698,1.5387,3.7964,3.8755,1.9944,1.9944,7860.0,7632.6625,3935.6625,176221.2,171124.2372,1
300923.SZ,研奥股份,20260804,22.25,2.0351,3.9468,1.04,50.5214,55.1484,1.5271,3.7677,3.8461,2.0096,2.0096,7860.0,7632.6625,3935.6625,174885.0,169826.685,1
300923.SZ,研奥股份,20260803,22.23,1.8092,3.5087,0.94,50.476,55.0989,1.5257,3.7643,3.8426,2.0114,2.0114,7860.0,7632.6625,3935.6625,174727.8,169674.0318,1
300923.SZ,研奥股份,20260731,21.5,2.2933,4.4475,1.28,48.8184,53.2895,1.4756,3.6407,3.7165,2.0797,2.0797,7860.0,7632.6625,3935.6625,168990.0,164102.19,1
300923.SZ,研奥股份,20260730,20.5,2.8739,5.5734,1.88,46.5478,50.8109,1.407,3.4713,3.5436,2.1812,2.1812,7860.0,7632.6625,3935.6625,161130.0,156469.53,1
300923.SZ,研奥股份,20260729,20.18,1.6917,3.2808,1.07,45.8212,50.0178,1.385,3.4171,3.4883,2.2157,2.2157,7860.0,7632.6625,3935.6625,158614.8,154027.0788,1
300923.SZ,研奥股份,20260728,19.71,1.0954,2.1244,0.57,44.754,48.8528,1.3528,3.3375,3.407,2.2686,2.2686,7860.0,7632.6625,3935.6625,154920.6,150439.7286,4
300923.SZ,研奥股份,20260727,19.76,1.6526,3.2051,0.8,44.8676,48.9768,1.3562,3.346,3.4157,2.2628,2.2628,7860.0,7632.6625,3935.6625,155313.6,150821.3616,1
300923.SZ,研奥股份,20260724,19.2,1.6402,3.1809,0.74,43.596,47.5888,1.3177,3.2512,3.3189,2.3288,2.3288,7860.0,7632.6625,3935.6625,150912.0,146547.072,1
300923.SZ,研奥股份,20260723,19.15,1.5825,3.0691,0.72,43.4825,47.4648,1.3143,3.2427,3.3102,2.3349,2.3349,7860.0,7632.6625,3935.6625,150519.0,146165.439,1
300923.SZ,研奥股份,20260722,18.38,1.9062,3.6967,0.91,41.7341,45.5563,1.2615,3.1123,3.1771,2.4327,2.4327,7860.0,7632.6625,3935.6625,144466.8,140288.2908,4
300923.SZ,研奥股份,20260721,19.03,2.7619,5.3564,1.52,43.21,47.1674,1.3061,3.2224,3.2895,2.3496,2.3496,7860.0,7632.6625,3935.6625,149575.8,145249.5198,1
300923.SZ,研奥股份,20260720,18.94,2.4799,4.8094,1.47,43.0056,46.9443,1.2999,3.2072,3.2739,2.3608,2.3608,7860.0,7632.6625,3935.6625,148868.4,144562.5804,4
300923.SZ,研奥股份,20260717,20.06,2.387,4.6292,1.49,45.5487,49.7203,1.3768,3.3968,3.4675,2.229,2.229,7860.0,7632.6625,3935.6625,157671.6,153111.1596,4
300923.SZ,研奥股份,20260716,20.63,1.4586,2.8287,0.88,46.843,51.1331,1.4159,3.4933,3.5661,2.1674,2.1674,7860.0,7632.6625,3935.6625,162151.8,157461.7758,4
300923.SZ,研奥股份,20260715,20.81,1.4065,2.7276,0.83,47.2517,51.5793,1.4282,3.5238,3.5972,2.1487,2.1487,7860.0,7632.6625,3935.6625,163566.6,158835.6546,1
300923.SZ,研奥股份,20260714,20.74,1.3614,2.6402,0.77,47.0928,51.4058,1.4234,3.512,3.5851,2.1559,2.1559,7860.0,7632.6625,3935.6625,163016.4,158301.3684,1
300923.SZ,研奥股份,20260713,20.12,1.8083,,1.0,45.685,49.869,1.3809,3.407,3.4779,2.2224,2.2224,7860.0,7632.6625,,158143.2,153569.1192,4
300923.SZ,研奥股份,20260710,21.16,1.955,3.7915,1.06,48.0464,52.4468,1.4523,3.5831,3.6577,2.1131,2.1131,7860.0,7632.6625,3935.6625,166317.6,161507.0856,1
300923.SZ,研奥股份,20260709,20.65,1.7336,3.3621,0.89,46.8884,51.1827,1.4173,3.4967,3.5695,2.1653,2.1653,7860.0,7632.6625,3935.6625,162309.0,157614.429,4
300923.SZ,研奥股份,20260708,20.75,1.6381,3.1768,0.77,47.1155,51.4306,1.4241,3.5137,3.5868,2.1549,2.1549,7860.0,7632.6625,3935.6625,163095.0,158377.695,4
300923.SZ,研奥股份,20260707,20.97,1.7438,3.3819,0.73,47.615,51.9758,1.4392,3.5509,3.6248,2.1323,2.1323,7860.0,7632.6625,3935.6625,164824.2,160056.8802,4
300923.SZ,研奥股份,20260706,22.05,1.9958,3.8705,0.83,50.0673,54.6527,1.5134,3.7338,3.8115,2.0278,2.0278,7860.0,7632.6625,3935.6625,173313.0,168300.153,4
300923.SZ,研奥股份,20260703,22.69,2.0776,4.0293,0.87,51.5205,56.239,1.5573,3.8422,3.9222,1.9706,1.9706,7860.0,7632.6625,3935.6625,178343.4,173185.0554,1
300923.SZ,研奥股份,20260702,21.99,2.2718,4.4059,0.95,49.9311,54.504,1.5092,3.7236,3.8012,2.0334,2.0334,7860.0,7632.6625,3935.6625,172841.4,167842.1934,4
300923.SZ,研奥股份,20260701,22.45,2.5306,4.9077,1.07,50.9755,55.6441,1.5408,3.8015,3.8807,1.9917,1.9917,7860.0,7632.6625,3935.6625,176457.0,171353.217,1
300923.SZ,研奥股份,20260630,22.28,3.0541,5.9231,1.31,50.5895,55.2228,1.5291,3.7727,3.8513,2.0069,2.0069,7860.0,7632.6625,3935.6625,175120.8,170055.6648,1
300923.SZ,研奥股份,20260629,21.17,2.0309,3.9386,0.83,48.0691,52.4716,1.453,3.5848,3.6594,2.1121,2.1121,7860.0,7632.6625,3935.6625,166396.2,161583.4122,4
300923.SZ,研奥股份,20260626,21.55,2.0748,4.0237,0.78,48.932,53.4134,1.479,3.6491,3.7251,2.0749,2.0749,7860.0,7632.6625,3935.6625,169383.0,164483.823,1
300923.SZ,研奥股份,20260625,21.49,2.2536,4.3705,0.73,48.7957,53.2647,1.4749,3.639,3.7147,2.0807,2.0807,7860.0,7632.6625,3935.6625,168911.4,164025.8634,4
300923.SZ,研奥股份,20260624,22.25,2.4463,4.7443,0.8,50.5214,55.1484,1.5271,3.7677,3.8461,2.0096,2.0096,7860.0,7632.6625,3935.6625,174885.0,169826.685,4
300923.SZ,研奥股份,20260623,23.52,2.8124,5.4542,0.89,53.4051,58.2962,1.6142,3.9827,4.0656,1.9011,1.9011,7860.0,7632.6625,3935.6625,184867.2,179520.1632,1
300923.SZ,研奥股份,20260622,22.77,2.5794,5.0024,0.79,51.7021,56.4373,1.5628,3.8557,3.936,1.9637,1.9637,7860.0,7632.6625,3935.6625,178972.2,173795.6682,4
300923.SZ,研奥股份,20260618,23.24,3.1546,6.1179,0.95,52.7693,57.6022,1.595,3.9353,4.0172,1.924,1.924,7860.0,7632.6625,3935.6625,182666.4,177383.0184,4
300923.SZ,研奥股份,20260617,23.91,4.4435,8.6175,1.41,54.2907,59.2629,1.641,4.0487,4.133,1.8701,1.8701,7860.0,7632.6625,3935.6625,187932.6,182496.9006,1
300923.SZ,研奥股份,20260616,22.68,2.2626,4.3881,0.7108,51.4978,56.2142,1.5566,3.8405,3.9204,1.9715,1.9715,7860.0,7632.6625,3935.6625,178264.8,173108.7288,4
300923.SZ,研奥股份,20260615,22.69,3.2743,6.2833,1.07,51.5205,56.239,1.6066,3.8422,3.9222,1.9706,1.9706,7860.0,7632.6625,3977.4925,178343.4,173185.1121,0
300923.SZ,研奥股份,20260612,23.4,3.1231,5.9931,1.06,53.1326,57.9988,1.6569,3.9624,4.0449,1.9108,1.9108,7860.0,7632.6625,3977.4925,183924.0,178604.3025,0
300923.SZ,研奥股份,20260611,23.89,3.4259,6.5741,1.3,54.2452,59.2133,1.6915,4.0454,4.1296,1.8717,1.8717,7860.0,7632.6625,3977.4925,187775.4,182344.3071,0
300923.SZ,研奥股份,20260610,24.0,3.7186,7.1359,1.66,54.495,59.4859,1.6993,4.064,4.1486,1.8631,1.8631,7860.0,7632.6625,3977.4925,188640.0,183183.9,0
300923.SZ,研奥股份,20260609,22.96,2.3751,4.5576,1.1,52.1336,56.9082,1.6257,3.8879,3.9688,1.9475,1.9475,7860.0,7632.6625,3977.4925,180465.6,175245.931,0
300923.SZ,研奥股份,20260608,22.42,2.6556,5.0959,,50.9074,55.5698,1.5875,3.7964,3.8755,1.9944,1.9944,7860.0,7632.6625,3977.4925,176221.2,171124.2933,0
300923.SZ,研奥股份,20260605,23.16,2.5054,4.8079,1.27,52.5877,57.4039,1.6399,3.9217,4.0034,1.9306,1.9306,7860.0,7632.6625,3977.4925,182037.6,176772.4635,0
300923.SZ,研奥股份,20260604,22.38,1.9157,3.6762,0.97,50.8166,55.4706,1.5846,3.7897,3.8686,1.9979,1.9979,7860.0,7632.6625,3977.4925,175906.8,170818.9868,0
300923.SZ,研奥股份,20260603,22.89,1.7611,3.3795,0.79,51.9746,56.7347,1.6207,3.876,3.9567,1.9534,1.9534,7860.0,7632.6625,3977.4925,179915.4,174711.6446,0
300923.SZ,研奥股份,20260602,23.22,1.9403,3.7235,0.82,52.7239,57.5526,1.6441,3.9319,4.0138,1.9257,1.9257,7860.0,7632.6625,3977.4925,182509.2,177230.4233,0
300923.SZ,研奥股份,20260601,24.42,2.3747,4.5569,,55.4487,60.5269,1.676,4.1351,4.2212,1.831,,7860.0,7632.6625,3977.4925,191941.2,186389.6183,0
300923.SZ,研奥股份,20260529,23.71,1.8498,3.5497,0.76,53.8365,58.7672,1.6273,4.0149,4.0985,1.8859,,7860.0,7632.6625,3977.4925,186360.6,180970.4279,0
300923.SZ,研奥股份,20260528,24.43,1.9388,3.7205,0.77,55.4714,60.5517,1.6767,4.1368,4.2229,1.8303,,7860.0,7632.6625,3977.4925,192019.8,186465.9449,0
300923.SZ,研奥股份,20260527,24.4,2.9765,5.7117,1.3,55.4033,60.4774,1.6746,4.1317,4.2177,1.8325,,7860.0,7632.6625,3977.4925,191784.0,186236.965,0
300923.SZ,研奥股份,20260526,25.25,2.6417,5.0693,1.22,57.3333,62.5842,1.733,4.2757,4.3647,1.7708,,7860.0,7632.6625,3977.4925,198465.0,192724.7281,0
300923.SZ,研奥股份,20260525,25.99,2.4161,4.6363,1.18,59.0136,64.4183,1.7838,4.401,4.4926,1.7204,1.7204,7860.0,7632.6625,3977.4925,204281.4,198372.8984,0
300923.SZ,研奥股份,20260522,26.72,2.1461,4.1182,1.02,60.6711,66.2277,1.8339,4.5246,4.6188,1.6734,1.6734,7860.0,7632.6625,3977.4925,210019.2,203944.742,0
300923.SZ,研奥股份,20260521,26.17,2.444,4.6899,1.2,59.4223,64.8645,1.7961,4.4314,4.5237,1.7086,1.7086,7860.0,7632.6625,3977.4925,205696.2,199746.7776,0
300923.SZ,研奥股份,20260520,27.48,1.8271,3.5062,0.84,62.3968,68.1114,1.886,4.6533,4.7502,1.6271,1.6271,7860.0,7632.6625,3977.4925,215992.8,209745.5655,0
300923.SZ,研奥股份,20260519,27.64,2.004,3.8456,0.77,62.7601,68.508,1.897,4.6804,4.7778,1.6177,1.6177,7860.0,7632.6625,3977.4925,217250.4,210966.7915,0
300923.SZ,研奥股份,20260518,27.94,1.8053,3.4642,0.64,63.4413,69.2516,1.9176,4.7312,4.8297,1.6003,1.6003,7860.0,7632.6625,3977.4925,219608.4,213256.5903,0
300923.SZ,研奥股份,20260515,27.65,2.4131,4.6306,0.89,62.7828,68.5328,1.8977,4.682,4.7795,1.6171,1.6171,7860.0,7632.6625,3977.4925,217329.0,211043.1181,0
300923.SZ,研奥股份,20260514,28.02,2.1755,4.1747,0.8,63.6229,69.4498,1.9231,4.7447,4.8435,1.5958,1.5958,7860.0,7632.6625,3977.4925,220237.2,213867.2033,0
300923.SZ,研奥股份,20260513,28.34,2.529,4.8531,0.87,64.3495,70.243,1.9451,4.7989,4.8988,1.5778,1.5778,7860.0,7632.6625,3977.4925,222752.4,216309.6553,0
300923.SZ,研奥股份,20260512,28.67,4.0273,7.7282,1.54,65.0988,71.0609,1.9677,4.8548,4.9559,1.5596,1.5596,7860.0,7632.6625,3977.4925,225346.2,218828.4339,0
300923.SZ,研奥股份,20260511,29.55,2.9202,5.6037,1.05,67.097,73.2421,2.0281,5.0038,5.108,1.5132,1.5132,7860.0,7632.6625,3977.4925,232263.0,225545.1769,0
300923.SZ,研奥股份,20260508,29.04,1.8516,3.5532,0.65,65.939,71.978,1.9931,4.9174,5.0198,1.5397,1.5397,7860.0,7632.6625,3977.4925,228254.4,221652.519,0
300923.SZ,研奥股份,20260507,28.92,2.2857,4.3862,0.8,65.6665,71.6806,1.9849,4.8971,4.9991,1.5461,1.5461,7860.0,7632.6625,3977.4925,227311.2,220736.5995,0
300923.SZ,研奥股份,20260506,28.61,3.4753,6.6783,1.44,64.9626,70.9122,1.9636,4.8446,4.9455,1.5629,1.5629,7860.0,7632.6625,3971.9225,224874.6,218370.4741,0
300923.SZ,研奥股份,20260430,28.89,2.5705,4.985,1.21,65.5984,71.6062,1.9828,4.892,4.9939,1.5477,1.5477,7860.0,7632.6625,3935.6625,227075.4,220507.6196,0
300923.SZ,研奥股份,20260429,28.32,3.6795,7.1359,2.25,64.3041,70.1934,1.9437,4.7955,4.8954,1.5789,1.5789,7860.0,7632.6625,3935.6625,222595.2,216157.002,0
300923.SZ,研奥股份,20260428,28.48,2.1387,4.1406,1.42,52.8618,45.4414,1.9782,4.7482,4.2262,1.57,1.57,7860.0,7646.85,3949.85,223852.8,217782.288,0
300923.SZ,研奥股份,20260427,28.8,2.4182,4.6815,1.78,53.4558,45.952,2.0005,4.8015,4.2737,1.5526,1.5526,7860.0,7646.85,3949.85,226368.0,220229.28,0
300923.SZ,研奥股份,20260424,27.77,1.2202,2.3624,0.88,51.544,44.3086,1.9289,4.6298,4.1209,1.6101,1.6101,7860.0,7646.85,3949.85,218272.2,212353.0245,0
300923.SZ,研奥股份,20260423,27.41,1.1863,2.2966,0.83,50.8758,43.7342,1.9039,4.5698,4.0675,1.6313,1.6313,7860.0,7646.85,3949.85,215442.6,209600.1585,0
300923.SZ,研奥股份,20260422,27.86,1.1972,2.3177,0.78,51.7111,44.4522,1.9352,4.6448,4.1342,1.6049,1.6049,7860.0,7646.85,3949.85,218979.6,213041.241,0
300923.SZ,研奥股份,20260421,27.97,1.5338,2.9695,1.01,51.9152,44.6277,1.9428,4.6632,4.1506,1.5986,1.5986,7860.0,7646.85,3949.85,219844.2,213882.3945,0
300923.SZ,研奥股份,20260420,27.8,1.6419,3.1786,,51.5997,44.3565,1.931,4.6348,4.1253,1.6084,1.6084,7860.0,7646.85,3949.85,218508.0,212582.43,0
300923.SZ,研奥股份,20260417,27.61,1.3666,2.6457,0.86,51.247,44.0533,1.9178,4.6031,4.0971,1.6195,1.6195,7860.0,7646.85,3949.85,217014.6,211129.5285,0
300923.SZ,研奥股份,20260416,27.57,1.3768,2.6654,0.83,51.1728,43.9895,1.915,4.5965,4.0912,1.6218,1.6218,7860.0,7646.85,3949.85,216700.2,210823.6545,0
300923.SZ,研奥股份,20260415,26.85,1.756,3.3996,0.98,49.8364,42.8407,1.865,4.4764,3.9844,1.6653,1.6653,7860.0,7646.85,3949.85,211041.0,205317.9225,0
300923.SZ,研奥股份,20260414,27.21,1.4668,2.8397,0.76,50.5046,43.4151,1.89,4.5365,4.0378,1.6433,1.6433,7860.0,7646.85,3949.85,213870.6,208070.7885,0
300923.SZ,研奥股份,20260413,27.12,1.4564,2.8196,0.69,50.3375,43.2715,1.8838,4.5215,4.0244,1.6487,1.6487,7860.0,7646.85,3949.85,213163.2,207382.572,0
300923.SZ,研奥股份,20260410,27.75,1.8551,3.5915,0.85,51.5069,44.2767,1.9275,4.6265,4.1179,1.6113,1.6113,7860.0,7646.85,3949.85,218115.0,212200.0875,0
300923.SZ,研奥股份,20260409,27.25,1.7121,3.3146,0.74,50.5788,43.4789,1.8928,4.5431,4.0437,1.6409,1.6409,7860.0,7646.85,3949.85,214185.0,208376.6625,0
300923.SZ,研奥股份,20260408,28.03,2.4262,4.6971,1.05,52.0266,44.7234,1.947,4.6732,4.1595,1.5952,1.5952,7860.0,7646.85,3949.85,220315.8,214341.2055,0
300923.SZ,研奥股份,20260407,26.59,2.1935,4.2465,0.97,49.3538,42.4258,1.847,4.4331,3.9458,1.6816,1.6816,7860.0,7646.85,3949.85,208997.4,203329.7415,0
300923.SZ,研奥股份,20260403,25.95,2.3499,4.5493,1.09,48.1659,41.4047,1.8025,4.3264,3.8508,1.7231,1.7231,7860.0,7646.85,3949.85,203967.0,198435.7575,0
300923.SZ,研奥股份,20260402,27.21,2.2064,4.2715,1.09,50.5046,43.4151,1.89,4.5365,4.0378,1.6433,1.6433,7860.0,7646.85,3949.85,213870.6,208070.7885,0
300923.SZ,研奥股份,20260401,27.89,2.3572,4.5634,1.19,51.7667,44.5001,1.9373,4.6498,4.1387,1.6032,1.6032,7860.0,7646.85,3949.85,219215.4,213270.6465,0
300923.SZ,研奥股份,20260331,27.71,2.4653,4.7728,1.17,51.4326,44.2129,1.9248,4.6198,4.112,1.6136,1.6136,7860.0,7646.85,3949.85,217800.6,211894.2135,0
300923.SZ,研奥股份,20260330,27.57,1.9739,3.8214,0.76,51.1728,43.9895,1.915,4.5965,4.0912,1.6218,1.6218,7860.0,7646.85,3949.85,216700.2,210823.6545,0
300923.SZ,研奥股份,20260327,26.96,1.7675,3.4219,0.61,50.0406,43.0162,1.8727,4.4948,4.0007,1.6585,1.6585,7860.0,7646.85,3949.85,211905.6,206159.076,0
300923.SZ,研奥股份,20260326,26.51,1.5555,3.0115,0.5,49.2053,42.2982,1.8414,4.4198,3.9339,1.6867,1.6867,7860.0,7646.85,3949.85,208368.6,202717.9935,0
300923.SZ,研奥股份,20260325,27.09,2.1564,4.1748,0.69,50.2819,43.2236,1.8817,4.5165,4.02,1.6506,1.6506,7860.0,7646.85,3949.85,212927.4,207153.1665,0
300923.SZ,研奥股份,20260324,26.5,3.1098,6.0205,1.1,49.1868,42.2822,1.8407,4.4181,3.9324,1.6873,1.6873,7860.0,7646.85,3949.85,208290.0,202641.525,0
300923.SZ,研奥股份,20260323,24.91,4.3548,8.4308,1.88,46.2356,39.7453,1.7303,4.153,3.6965,1.795,1.795,7860.0,7646.85,3949.85,195792.6,190483.0335,0
300923.SZ,研奥股份,20260320,26.53,3.3224,6.4321,1.65,49.2424,42.3301,1.8428,4.4231,3.9369,1.6854,1.6854,7860.0,7646.85,3949.85,208525.8,202870.9305,0
300923.SZ,研奥股份,20260319,27.59,2.6339,5.0992,1.47,51.2099,44.0214,1.9164,4.5998,4.0942,1.6207,1.6207,7860.0,7646.85,3949.85,216857.4,210976.5915,0
300923.SZ,研奥股份,20260318,28.92,2.1194,4.1031,1.17,53.6785,46.1435,2.0088,4.8216,4.2915,1.5461,1.5461,7860.0,7646.85,3949.85,227311.2,221146.902,0
300923.SZ,研奥股份,20260317,27.91,1.7453,3.3789,0.98,51.8039,44.532,1.9386,4.6532,4.1417,1.6021,1.6021,7860.0,7646.85,3949.85,219372.6,213423.5835,0
300923.SZ,研奥股份,20260316,28.84,1.7712,3.429,0.95,53.53,46.0158,2.0032,4.8082,4.2797,1.5504,1.5504,7860.0,7646.85,3949.85,226682.4,220535.154,0
300923.SZ,研奥股份,20260313,29.14,1.7801,3.4462,0.96,54.0869,46.4945,2.0241,4.8582,4.3242,1.5344,1.5344,7860.0,7646.85,3949.85,229040.4,222829.209,0
300923.SZ,研奥股份,20260312,29.31,1.5588,3.0178,0.87,54.4024,46.7658,2.0359,4.8866,4.3494,1.5255,1.5255,7860.0,7646.85,3949.85,230376.6,224129.1735,0
300923.SZ,研奥股份,20260311,29.72,2.2303,4.3179,1.33,55.1634,47.4199,2.0644,4.9549,4.4103,1.5045,1.5045,7860.0,7646.85,3949.85,233599.2,227264.382,0
300923.SZ,研奥股份,20260310,29.93,1.5986,3.0948,0.85,55.5532,47.755,2.079,4.9899,4.4414,1.4939,1.4939,7860.0,7646.85,3949.85,235249.8,228870.2205,0
300923.SZ,研奥股份,20260309,28.9,2.1884,4.2366,1.07,53.6414,46.1116,2.0074,4.8182,4.2886,1.5472,1.5472,7860.0,7646.85,3949.85,227154.0,220993.965,0
300923.SZ,研奥股份,20260306,29.2,1.7323,3.3538,0.83,54.1982,46.5902,2.0282,4.8682,4.3331,1.5313,1.5313,7860.0,7646.85,3949.85,229512.0,223288.02,0
300923.SZ,研奥股份,20260305,28.19,1.243,2.4064,0.55,52.3236,44.9787,1.9581,4.6998,4.1832,1.5862,1.5862,7860.0,7646.85,3949.85,221573.4,215564.7015,0
300923.SZ,研奥股份,20260304,27.62,1.6051,3.1074,0.64,51.2656,44.0693,1.9185,4.6048,4.0986,1.6189,1.6189,7860.0,7646.85,3949.85,217093.2,211205.997,0
300923.SZ,研奥股份,20260303,27.93,2.622,5.0761,1.09,51.841,44.5639,1.94,4.6565,4.1446,1.6009,1.6009,7860.0,7646.85,3949.85,219529.8,213576.5205,0
300923.SZ,研奥股份,20260302,28.72,2.9863,5.7815,1.4,53.3073,45.8244,1.9949,4.7882,4.2619,1.5569,1.5569,7860.0,7646.85,3949.85,225739.2,219617.532,0
300923.SZ,研奥股份,20260227,29.22,1.9934,3.8591,0.96,54.2354,46.6222,2.0296,4.8716,4.3361,1.5302,1.5302,7860.0,7646.85,3949.85,229669.2,223440.957,0
300923.SZ,研奥股份,20260226,29.81,2.1182,4.1008,1.08,55.3305,47.5635,2.0706,4.9699,4.4236,1.5,1.5,7860.0,7646.85,3949.85,234306.6,227952.5985,0
300923.SZ,研奥股份,20260225,29.36,2.7622,5.3475,1.61,54.4952,46.8455,2.0394,4.8949,4.3568,1.5229,1.5229,7860.0,7646.85,3949.85,230769.6,224511.516,0
300923.SZ,研奥股份,20260224,29.91,2.1569,4.1758,1.32,55.5161,47.7231,2.0776,4.9866,4.4384,1.4949,1.4949,7860.0,7646.85,3949.85,235092.6,228717.2835,0
300923.SZ,研奥股份,20260213,29.05,1.6096,3.1161,0.96,53.9198,46.3509,2.0178,4.8432,4.3108,1.5392,1.5392,7860.0,7646.85,3949.85,228333.0,222140.9925,0
300923.SZ,研奥股份,20260212,29.12,1.7034,3.2978,1.0,54.0498,46.4626,2.0227,4.8549,4.3212,1.5355,1.5355,7860.0,7646.85,3949.85,228883.2,222676.272,0
300923.SZ,研奥股份,20260211,29.43,1.5459,2.9928,0.82,54.6251,46.9572,2.0442,4.9066,4.3672,1.5193,1.5193,7860.0,7646.85,3949.85,231319.8,225046.7955,0
300923.SZ,研奥股份,20260210,29.11,1.572,3.0434,0.79,54.0312,46.4466,2.022,4.8532,4.3197,1.536,1.536,7860.0,7646.85,3949.85,228804.6,222599.8035,0
300923.SZ,研奥股份,20260209,29.3,1.7561,3.3999,0.78,54.3838,46.7498,2.0352,4.8849,4.3479,1.5261,1.5261,7860.0,7646.85,3949.85,230298.0,224052.705,0
300923.SZ,研奥股份,20260206,28.7,1.787,3.4596,0.78,53.2702,45.7925,1.9935,4.7849,4.2589,1.558,1.558,7860.0,7646.85,3949.85,225582.0,219464.595,0
300923.SZ,研奥股份,20260205,28.8,1.875,3.6299,,53.4558,45.952,2.0005,4.8015,4.2737,1.5526,1.5526,7860.0,7646.85,3949.85,226368.0,220229.28,0
300923.SZ,研奥股份,20260204,28.72,2.4277,4.6999,1.05,53.3073,45.8244,1.9949,4.7882,4.2619,1.5569,1.5569,7860.0,7646.85,3949.85,225739.2,219617.532,0
300923.SZ,研奥股份,20260203,28.45,2.1521,4.1665,0.92,52.8062,45.3936,1.9762,4.7432,4.2218,1.5717,1.5717,7860.0,7646.85,3949.85,223617.0,217552.8825,0
300923.SZ,研奥股份,20260202,28.21,3.0749,5.9529,1.37,52.3607,45.0106,1.9595,4.7032,4.1862,1.585,1.585,7860.0,7646.85,3949.85,221730.6,215717.6385,0
300923.SZ,研奥股份,20260130,28.06,1.9583,3.7913,0.87,52.0823,44.7713,1.9491,4.6782,4.1639,1.5935,1.5935,7860.0,7646.85,3949.85,220551.6,214570.611,0
300923.SZ,研奥股份,20260129,27.41,2.2652,4.3853,,50.8758,43.7342,1.9039,4.5698,4.0675,1.6313,1.6313,7860.0,7646.85,3949.85,215442.6,209600.1585,0
300923.SZ,研奥股份,20260128,27.74,2.0887,4.0437,0.96,51.4883,44.2607,1.9268,4.6248,4.1164,1.6119,1.6119,7860.0,7646.85,3949.85,218036.4,212123.619,0
300923.SZ,研奥股份,20260127,27.7,2.2558,4.3673,,51.4141,44.1969,1.9241,4.6182,4.1105,1.6142,1.6142,7860.0,7646.85,3949.85,217722.0,211817.745,0
300923.SZ,研奥股份,20260126,27.72,2.6662,5.1618,,51.4512,44.2288,1.9254,4.6215,4.1135,1.613,1.613,7860.0,7646.85,3949.85,217879.2,211970.682,0
300923.SZ,研奥股份,20260123,28.47,1.97,4.2856,1.03,52.8433,45.4255,1.9775,4.7465,4.2248,1.5706,1.5706,7860.0,7646.85,3515.03,223774.2,217705.8195,0
300923.SZ,研奥股份,20260122,28.0,2.2366,4.8657,1.21,51.9709,44.6756,1.9449,4.6682,4.155,1.5969,1.5969,7860.0,7646.85,3515.03,220080.0,214111.8,0
300923.SZ,研奥股份,20260121,27.58,1.7556,3.8193,,51.1914,44.0054,1.9157,4.5981,4.0927,1.6212,1.6212,7860.0,7646.85,3515.03,216778.8,210900.123,0
300923.SZ,研奥股份,20260120,27.21,2.1612,4.7015,,50.5046,43.4151,1.89,4.5365,4.0378,1.6433,1.6433,7860.0,7646.85,3515.03,213870.6,208070.7885,0
300923.SZ,研奥股份,20260119,27.17,1.793,3.9007,0.94,50.4303,43.3513,1.8872,4.5298,4.0319,1.6457,1.6457,7860.0,7646.85,3515.03,213556.2,207764.9145,0
300923.SZ,研奥股份,20260116,26.61,1.6374,3.5621,0.84,49.3909,42.4578,1.8483,4.4364,3.9488,1.6803,1.6803,7860.0,7646.85,3515.03,209154.6,203482.6785,0
300923.SZ,研奥股份,20260115,26.54,1.8636,4.0543,,49.261,42.3461,1.8435,4.4248,3.9384,1.6848,1.6848,7860.0,7646.85,3515.03,208604.4,202947.399,0
300923.SZ,研奥股份,20260114,26.39,2.3183,5.0434,1.3,48.9826,42.1067,1.8331,4.3997,3.9161,1.6943,1.6943,7860.0,7646.85,3515.03,207425.4,201800.3715,0
300923.SZ,研奥股份,20260113,26.35,1.7911,3.8964,,48.9083,42.0429,1.8303,4.3931,3.9102,1.6969,1.6969,7860.0,7646.85,3515.03,207111.0,201494.4975,0
300923.SZ,研奥股份,20260112,26.45,1.9733,4.2928,1.17,49.094,42.2025,1.8372,4.4098,3.925,1.6905,1.6905,7860.0,7646.85,3515.03,207897.0,202259.1825,0
300923.SZ,研奥股份,20260109,26.0,1.7514,3.8101,1.05,48.2587,41.4845,1.806,4.3347,3.8582,1.7198,1.7198,7860.0,7646.85,3515.03,204360.0,198818.1,0
300923.SZ,研奥股份,20260108,25.88,1.6071,3.4961,,48.036,41.293,1.7976,4.3147,3.8404,1.7277,1.7277,7860.0,7646.85,3515.03,203416.8,197900.478,0
300923.SZ,研奥股份,20260107,25.71,1.7654,3.8407,1.21,47.7204,41.0218,1.7858,4.2864,3.8152,1.7392,1.7392,7860.0,7646.85,3515.03,202080.6,196600.5135,0
300923.SZ,研奥股份,20260106,25.82,1.4223,3.0941,1.0,47.9246,41.1973,1.7935,4.3047,3.8315,1.7317,1.7317,7860.0,7646.85,3515.03,202945.2,197441.667,0
300923.SZ,研奥股份,20260105,25.65,1.9212,4.1796,1.5,47.6091,40.926,1.7817,4.2764,3.8063,1.7432,1.7432,7860.0,7646.85,3515.03,201609.0,196141.7025,0
