ts_code,name,trade_date,close,turnover_rate,turnover_rate_f,volume_ratio,pe,pe_ttm,pb,ps,ps_ttm,dv_ratio,dv_ttm,total_share,float_share,free_share,total_mv,circ_mv,limit_status
002105.SZ,信隆健康,20261009,6.51,8.8628,17.5877,5.06,,,2.9502,2.0075,1.8019,,,36624.195,36447.1975,18366.5128,238423.542,237271.272,1
002105.SZ,信隆健康,20261008,6.17,2.1925,4.3508,1.27,,,2.7962,1.9026,1.7077,,,36624.195,36447.1975,18366.5128,225971.314,224879.224,1
002105.SZ,信隆健康,20260930,6.05,1.5663,3.1082,0.79,,,2.7418,1.8656,1.6745,,,36624.195,36447.1975,18366.5128,221576.41,220505.56,4
002105.SZ,信隆健康,20260929,6.08,1.6533,3.2808,0.8,,,2.7554,1.8749,1.6828,,,36624.195,36447.1975,18366.5128,222675.136,221598.976,1
002105.SZ,信隆健康,20260928,5.98,1.9417,3.8532,0.98,,,2.71,1.844,1.6552,,,36624.195,36447.1975,18366.5128,219012.716,217954.256,4
002105.SZ,信隆健康,20260924,6.06,1.4069,2.792,0.69,,,2.7463,1.8687,1.6773,,,36624.195,36447.1975,18366.5128,221942.652,220870.032,4
002105.SZ,信隆健康,20260923,6.11,2.0382,4.0448,1.01,,,2.769,1.8841,1.6911,,,36624.195,36447.1975,18366.5128,223773.862,222692.392,1
002105.SZ,信隆健康,20260922,6.09,2.8992,5.7533,1.63,,,2.7599,1.8779,1.6856,,,36624.195,36447.1975,18366.5128,223041.378,221963.448,1
002105.SZ,信隆健康,20260921,6.08,2.0024,3.9736,1.18,,,2.7554,1.8749,1.6828,,,36624.195,36447.1975,18366.5128,222675.136,221598.976,1
002105.SZ,信隆健康,20260918,5.91,1.5494,3.0747,0.88,,,2.6783,1.8224,1.6358,,,36624.195,36447.1975,18366.5128,216449.022,215402.952,4
002105.SZ,信隆健康,20260917,5.99,1.7675,3.5075,0.98,,,2.7146,1.8471,1.6579,,,36624.195,36447.1975,18366.5128,219378.958,218318.728,1
002105.SZ,信隆健康,20260916,5.94,1.9108,3.7918,1.05,,,2.6919,1.8317,1.6441,,,36624.195,36447.1975,18366.5128,217547.748,216496.368,1
002105.SZ,信隆健康,20260915,5.84,1.6563,3.2868,0.95,,,2.6466,1.8009,1.6164,,,36624.195,36447.1975,18366.5128,213885.328,212851.648,4
002105.SZ,信隆健康,20260914,6.05,1.6229,3.2205,0.93,,,2.7418,1.8656,1.6745,,,36624.195,36447.1975,18366.5128,221576.41,220505.56,0
002105.SZ,信隆健康,20260911,6.05,1.8057,3.5834,1.06,,,2.7418,1.8656,1.6745,,,36624.195,36447.1975,18366.5128,221576.41,220505.56,4
002105.SZ,信隆健康,20260910,6.18,2.0082,3.9852,1.19,,,2.8007,1.9057,1.7105,,,36624.195,36447.1975,18366.5128,226337.556,225243.696,4
002105.SZ,信隆健康,20260909,6.32,1.9956,3.9601,1.24,,,2.8641,1.9489,1.7493,,,36624.195,36447.1975,18366.5128,231464.944,230346.304,0
002105.SZ,信隆健康,20260908,6.32,1.2658,2.5119,0.73,,,2.8641,1.9489,1.7493,,,36624.195,36447.1975,18366.5128,231464.944,230346.304,1
002105.SZ,信隆健康,20260907,6.25,1.6473,3.269,0.93,,,2.8324,1.9273,1.7299,,,36624.195,36447.1975,18366.5128,228901.25,227795.0,1
002105.SZ,信隆健康,20260904,6.17,1.5663,3.1083,0.89,,,2.7962,1.9026,1.7077,,,36624.195,36447.1975,18366.5128,225971.314,224879.224,4
002105.SZ,信隆健康,20260903,6.22,1.9665,3.9024,1.1,,,2.8188,1.918,1.7216,,,36624.195,36447.1975,18366.5128,227802.524,226701.584,4
002105.SZ,信隆健康,20260902,6.28,1.5958,3.1667,0.88,,,2.846,1.9365,1.7382,,,36624.195,36447.1975,18366.5128,229999.976,228888.416,4
002105.SZ,信隆健康,20260901,6.36,1.9074,3.7851,1.01,,,2.8823,1.9612,1.7603,,,36624.195,36447.1975,18366.5128,232929.912,231804.192,1
002105.SZ,信隆健康,20260831,6.24,1.864,3.6991,0.9,,,2.8279,1.9242,1.7271,,,36624.195,36447.1975,18366.5128,228535.008,227430.528,1
002105.SZ,信隆健康,20260828,6.16,1.4578,2.893,0.69,,,2.7916,1.8995,1.705,,,36624.195,36447.1975,18366.5128,225605.072,224514.752,1
002105.SZ,信隆健康,20260827,6.07,2.0783,4.1242,1.03,,,2.7508,1.8718,1.6801,,,36624.195,36447.1975,18366.5128,222308.894,221234.504,1
002105.SZ,信隆健康,20260826,6.01,1.7711,3.5147,0.87,,,2.7236,1.8533,1.6635,,,36624.195,36447.1975,18366.5128,220111.442,219047.672,4
002105.SZ,信隆健康,20260825,6.04,2.2849,4.5343,1.21,,,2.7372,1.8625,1.6718,,,36624.195,36447.1975,18366.5128,221210.168,220141.088,1
002105.SZ,信隆健康,20260824,5.85,2.736,5.4293,1.63,,,2.6511,1.8039,1.6192,,,36624.195,36447.1975,18366.5128,214251.57,213216.12,1
002105.SZ,信隆健康,20260821,5.84,1.7031,3.2494,0.93,,,2.678,1.8009,1.723,,,36624.195,36447.1975,19102.7328,213885.328,212851.064,4
002105.SZ,信隆健康,20260820,5.86,1.642,3.1328,0.88,,,2.6872,1.807,1.7289,,,36624.195,36447.0975,19102.7328,214617.812,213580.006,1
002105.SZ,信隆健康,20260819,5.68,1.7854,3.4065,1.04,,,2.6047,1.7515,1.6757,,,36624.195,36447.0975,19102.7328,208025.456,207019.528,4
002105.SZ,信隆健康,20260818,5.85,1.5646,2.9852,0.92,,,2.6826,1.8039,1.7259,,,36624.195,36447.0975,19102.7328,214251.57,213215.535,1
002105.SZ,信隆健康,20260817,5.83,1.7078,3.2584,0.99,,,2.6734,1.7978,1.72,,,36624.195,36447.0975,19102.7328,213519.086,212486.593,1
002105.SZ,信隆健康,20260814,5.8,2.4116,4.6012,1.49,,,2.6597,1.7885,1.7112,,,36624.195,36447.0975,19102.7328,212420.36,211393.18,1
002105.SZ,信隆健康,20260813,5.71,1.8408,3.5121,1.11,,,2.6184,1.7608,1.6846,,,36624.195,36447.0975,19102.7328,209124.182,208112.941,1
002105.SZ,信隆健康,20260812,5.69,1.035,1.9748,0.55,,,2.6092,1.7546,1.6787,,,36624.195,36447.0975,19102.7328,208391.698,207383.999,1
002105.SZ,信隆健康,20260811,5.65,1.4841,2.8315,0.73,,,2.5909,1.7423,1.6669,,,36624.195,36447.0975,19102.7328,206926.73,205926.115,4
002105.SZ,信隆健康,20260810,5.7,1.8617,3.552,0.86,,,2.6138,1.7577,1.6816,,,36624.195,36447.0975,19102.7328,208757.94,207748.47,1
002105.SZ,信隆健康,20260807,5.49,1.847,3.524,0.81,,,2.5175,1.6929,1.6197,,,36624.195,36447.0975,19102.7328,201066.858,200094.579,4
002105.SZ,信隆健康,20260806,5.52,2.0671,3.9439,0.89,,,2.5313,1.7022,1.6285,,,36624.195,36447.0975,19102.7328,202165.584,201187.992,1
002105.SZ,信隆健康,20260805,5.43,2.2247,4.2446,0.96,,,2.49,1.6744,1.602,,,36624.195,36447.0975,19102.7328,198869.406,197907.753,4
002105.SZ,信隆健康,20260804,5.47,2.1737,4.1473,0.98,,,2.5084,1.6868,1.6138,,,36624.195,36447.0975,19102.7328,200334.374,199365.637,4
002105.SZ,信隆健康,20260803,5.48,2.5616,4.8874,1.1,,,2.5129,1.6898,1.6167,,,36624.195,36447.0975,19102.7328,200700.616,199730.108,1
002105.SZ,信隆健康,20260731,5.28,2.4253,4.6274,1.08,,,2.4212,1.6282,1.5577,,,36624.195,36447.0975,19102.7328,193375.776,192440.688,1
002105.SZ,信隆健康,20260730,5.23,2.2105,4.2176,0.97,,,2.3983,1.6128,1.543,,,36624.195,36447.0975,19102.7328,191544.566,190618.333,4
002105.SZ,信隆健康,20260729,5.25,2.1798,4.1589,0.95,,,2.4075,1.6189,1.5489,,,36624.195,36447.0975,19102.7328,192277.05,191347.275,1
002105.SZ,信隆健康,20260728,5.1,1.7544,3.3473,0.67,,,2.3387,1.5727,1.5046,,,36624.195,36447.0975,19102.7328,186783.42,185880.21,1
002105.SZ,信隆健康,20260727,5.05,3.0701,5.8575,1.15,,,2.3158,1.5572,1.4899,,,36624.195,36447.0975,19102.7328,184952.21,184057.855,1
002105.SZ,信隆健康,20260724,4.79,1.9976,3.8112,0.71,,,2.1965,1.4771,1.4132,,,36624.195,36447.0975,19102.7328,175429.918,174581.609,4
002105.SZ,信隆健康,20260723,4.9,2.4416,4.6584,0.83,,,2.247,1.511,1.4456,,,36624.195,36447.0975,19102.7328,179458.58,178590.79,1
002105.SZ,信隆健康,20260722,4.71,2.2559,4.3041,0.7,,,2.1598,1.4524,1.3896,,,36624.195,36447.0975,19102.7328,172499.982,171665.841,4
002105.SZ,信隆健康,20260721,4.83,3.3757,6.4407,1.15,,,2.2149,1.4894,1.425,,,36624.195,36447.0975,19102.7328,176894.886,176039.493,4
002105.SZ,信隆健康,20260720,4.91,3.3149,6.3246,1.23,,,2.2516,1.5141,1.4486,,,36624.195,36447.0975,19102.7328,179824.822,178955.261,4
002105.SZ,信隆健康,20260717,5.18,2.7533,5.2532,1.05,,,2.3754,1.5973,1.5282,,,36624.195,36447.0975,19102.7328,189713.356,188795.978,4
002105.SZ,信隆健康,20260716,5.36,2.9916,5.7079,1.25,,,2.4579,1.6528,1.5813,,,36624.195,36447.0975,19102.7328,196305.712,195356.456,1
002105.SZ,信隆健康,20260715,5.21,3.7201,7.0978,1.79,,,2.3891,1.6066,1.5371,,,36624.195,36447.0975,19102.7328,190812.082,189889.391,1
002105.SZ,信隆健康,20260714,5.07,1.9306,3.6834,0.92,,,2.3249,1.5634,1.4958,,,36624.195,36447.0975,19102.7328,185684.694,184786.797,1
002105.SZ,信隆健康,20260713,4.89,2.1008,,1.01,,,2.2424,1.5079,1.4427,,,36624.195,36447.0975,,179092.338,178226.319,4
002105.SZ,信隆健康,20260710,5.04,2.4034,4.5857,1.14,,,2.3112,1.5542,1.4869,,,36624.195,36447.0975,19102.7328,184585.968,183693.384,1
002105.SZ,信隆健康,20260709,4.9,1.8438,3.5179,0.84,,,2.247,1.511,1.4456,,,36624.195,36447.0975,19102.7328,179458.58,178590.79,1
002105.SZ,信隆健康,20260708,4.89,2.0945,3.9961,0.91,,,2.2424,1.5079,1.4427,,,36624.195,36447.0975,19102.7328,179092.338,178226.319,4
002105.SZ,信隆健康,20260707,4.95,2.0789,3.9665,0.87,,,2.2699,1.5264,1.4604,,,36624.195,36447.0975,19102.7328,181289.79,180413.145,4
002105.SZ,信隆健康,20260706,5.15,2.0187,3.8516,0.78,,,2.3616,1.5881,1.5194,,,36624.195,36447.0975,19102.7328,188614.63,187702.565,4
002105.SZ,信隆健康,20260703,5.21,2.5443,4.8544,0.98,,,2.3891,1.6066,1.5371,,,36624.195,36447.0975,19102.7328,190812.082,189889.391,1
002105.SZ,信隆健康,20260702,5.05,2.2296,4.254,0.75,,,2.3158,1.5572,1.4899,,,36624.195,36447.0975,19102.7328,184952.21,184057.855,4
002105.SZ,信隆健康,20260701,5.06,2.6372,5.0317,0.9,,,2.3203,1.5603,1.4928,,,36624.195,36447.0975,19102.7328,185318.452,184422.326,1
002105.SZ,信隆健康,20260630,4.94,2.4992,4.7684,0.86,,,2.2653,1.5233,1.4574,,,36624.195,36447.0975,19102.7328,180923.548,180048.674,4
002105.SZ,信隆健康,20260629,5.04,3.1021,5.9187,1.11,,,2.3112,1.5542,1.4869,,,36624.195,36447.0975,19102.7328,184585.968,183693.384,1
002105.SZ,信隆健康,20260626,5.0,2.5533,4.8716,0.96,,,2.2928,1.5418,1.4751,,,36624.195,36447.0975,19102.7328,183121.0,182235.5,4
002105.SZ,信隆健康,20260625,5.08,4.1207,7.8621,1.84,,,2.3295,1.5665,1.4987,,,36624.195,36447.0975,19102.7328,186050.936,185151.268,4
002105.SZ,信隆健康,20260624,5.12,2.3847,4.5499,1.13,,,2.3479,1.5788,1.5105,,,36624.195,36447.0975,19102.7328,187515.904,186609.152,4
002105.SZ,信隆健康,20260623,5.41,2.3507,4.485,1.17,,,2.4808,1.6683,1.5961,,,36624.195,36447.0975,19102.7328,198136.922,197178.811,1
002105.SZ,信隆健康,20260622,5.27,2.5894,4.9404,1.45,,,2.4166,1.6251,1.5548,,,36624.195,36447.0975,19102.7328,193009.534,192076.217,1
002105.SZ,信隆健康,20260618,5.2,1.8955,3.6166,1.08,,,2.3845,1.6035,1.5341,,,36624.195,36447.0975,19102.7328,190445.84,189524.92,4
002105.SZ,信隆健康,20260617,5.24,1.9935,3.8035,1.13,,,2.4029,1.6158,1.5459,,,36624.195,36447.0975,19102.7328,191910.808,190982.804,4
002105.SZ,信隆健康,20260616,5.43,1.6824,3.21,0.9454,-31.0178,-31.1164,2.49,1.6744,1.602,,,36624.195,36447.0975,19102.7328,198869.406,197907.753,4
002105.SZ,信隆健康,20260615,5.48,1.8751,3.721,0.96,,,2.5129,1.6898,1.6167,,,36624.195,36447.0975,18366.4128,200700.5886,199730.0943,0
002105.SZ,信隆健康,20260612,5.54,1.5066,2.9898,0.72,,,2.5405,1.7083,1.6344,,,36624.195,36447.0975,18366.4128,202898.0403,201916.9202,0
002105.SZ,信隆健康,20260611,5.43,1.7228,3.4188,0.84,,,2.49,1.6744,1.602,,,36624.195,36447.0975,18366.4128,198869.3789,197907.7394,0
002105.SZ,信隆健康,20260610,5.53,2.0484,4.065,1.03,,,2.5359,1.7053,1.6315,,,36624.195,36447.0975,18366.4128,202531.7984,201552.4492,0
002105.SZ,信隆健康,20260609,5.62,1.7453,3.4635,0.81,,,2.5771,1.733,1.658,,,36624.195,36447.0975,18366.4128,205827.9759,204832.688,0
002105.SZ,信隆健康,20260608,5.63,2.7342,5.426,,,,2.5817,1.7361,1.661,,,36624.195,36447.0975,18366.4128,206194.2179,205197.1589,0
002105.SZ,信隆健康,20260605,5.84,2.1643,4.2948,1.1,,,2.678,1.8009,1.723,,,36624.195,36447.0975,18366.4128,213885.2988,212851.0494,0
002105.SZ,信隆健康,20260604,5.69,1.5254,3.0271,0.74,,,2.6092,1.7546,1.6787,,,36624.195,36447.0975,18366.4128,208391.6696,207383.9848,0
002105.SZ,信隆健康,20260603,5.8,1.7868,3.5458,0.82,,,2.6597,1.7885,1.7112,,,36624.195,36447.0975,18366.4128,212420.331,211393.1655,0
002105.SZ,信隆健康,20260602,5.85,2.5205,5.0017,1.23,,,2.6826,1.8039,1.7259,,,36624.195,36447.0975,18366.4128,214251.5408,213215.5204,0
002105.SZ,信隆健康,20260601,6.12,2.1395,4.2457,,,,2.8064,1.8872,1.8056,,,36624.195,36447.0975,18366.4128,224140.0734,223056.2367,0
002105.SZ,信隆健康,20260529,5.9,1.8631,3.6971,0.89,,,2.7055,1.8194,1.7407,,,36624.195,36447.0975,18366.4128,216082.7505,215037.8753,0
002105.SZ,信隆健康,20260528,6.06,2.0097,3.9882,0.9,,,2.7789,1.8687,1.7879,,,36624.195,36447.0975,18366.4128,221942.6217,220869.4109,0
002105.SZ,信隆健康,20260527,5.96,2.3756,4.7143,1.15,,,2.7331,1.8379,1.7584,,,36624.195,36447.0975,18366.4128,218280.2022,217224.7011,0
002105.SZ,信隆健康,20260526,6.12,1.8671,3.7052,0.93,,,2.8064,1.8872,1.8056,,,36624.195,36447.0975,18366.4128,224140.0734,223056.2367,0
002105.SZ,信隆健康,20260525,6.29,2.1503,4.2672,1.07,,,2.8844,1.9396,1.8557,,,36624.195,36447.0975,18366.4128,230366.1866,229252.2433,0
002105.SZ,信隆健康,20260522,6.46,2.0178,4.0042,1.01,,,2.9623,1.992,1.9059,,,36624.195,36447.0975,18366.4128,236592.2997,235448.2499,0
002105.SZ,信隆健康,20260521,6.31,2.6982,5.3544,1.53,,,2.8936,1.9458,1.8616,,,36624.195,36447.0975,18366.4128,231098.6705,229981.1852,0
002105.SZ,信隆健康,20260520,6.54,1.5675,3.1107,0.9,,,2.999,2.0167,1.9295,,,36624.195,36447.0975,18366.4128,239522.2353,238364.0177,0
002105.SZ,信隆健康,20260519,6.61,1.6346,3.2438,0.91,,,3.0311,2.0383,1.9501,,,36624.195,36447.0975,18366.4128,242085.929,240915.3145,0
002105.SZ,信隆健康,20260518,6.64,2.1262,4.2192,1.21,,,3.0449,2.0475,1.959,,,36624.195,36447.0975,18366.4128,243184.6548,242008.7274,0
002105.SZ,信隆健康,20260515,6.61,1.9957,3.9604,1.23,,,3.0311,2.0383,1.9501,,,36624.195,36447.0975,18366.4128,242085.929,240915.3145,0
002105.SZ,信隆健康,20260514,6.61,1.4945,2.9657,0.87,,,3.0311,2.0383,1.9501,,,36624.195,36447.0975,18366.4128,242085.929,240915.3145,0
002105.SZ,信隆健康,20260513,6.7,1.4185,2.815,0.74,,,3.0724,2.066,1.9767,,,36624.195,36447.0975,18366.4128,245382.1065,244195.5533,0
002105.SZ,信隆健康,20260512,6.69,1.9596,3.8886,0.96,,,3.0678,2.063,1.9737,,,36624.195,36447.0975,18366.4128,245015.8646,243831.0823,0
002105.SZ,信隆健康,20260511,6.78,1.9518,3.8733,0.85,,,3.1091,2.0907,2.0003,,,36624.195,36447.0975,18366.4128,248312.0421,247111.3211,0
002105.SZ,信隆健康,20260508,6.77,1.2903,2.5605,0.5,,,3.1045,2.0876,1.9973,,,36624.195,36447.0975,18366.4128,247945.8002,246746.8501,0
002105.SZ,信隆健康,20260507,6.69,1.9617,3.8928,0.69,,,3.0678,2.063,1.9737,,,36624.195,36447.0975,18366.4128,245015.8646,243831.0823,0
002105.SZ,信隆健康,20260506,6.73,2.3796,4.7222,0.85,,,3.0861,2.0753,1.9855,,,36624.195,36447.0975,18366.4128,246480.8324,245288.9662,0
002105.SZ,信隆健康,20260430,6.79,2.6582,5.275,1.0,,,3.1137,2.0938,2.0032,,,36624.195,36447.0975,18366.4128,248678.2841,247475.792,0
002105.SZ,信隆健康,20260429,6.68,3.249,6.4474,1.4,,,3.0632,2.0599,1.9708,,,36624.195,36447.0975,18366.4128,244649.6226,243466.6113,0
002105.SZ,信隆健康,20260428,6.44,2.6799,5.3182,1.33,,,2.9317,1.9859,1.9859,,,36624.195,36447.0975,18366.4128,235859.8158,234719.3079,0
002105.SZ,信隆健康,20260427,6.48,3.3389,6.626,2.1,,,2.9499,1.9982,1.9982,,,36624.195,36447.0975,18366.4128,237324.7836,236177.1918,0
002105.SZ,信隆健康,20260424,6.23,2.0831,4.1337,1.41,,,2.8361,1.9211,1.9211,,,36624.195,36447.0975,18366.4128,228168.7349,227065.4174,0
002105.SZ,信隆健康,20260423,6.16,1.8998,3.7701,1.31,,,2.7011,1.8939,1.8238,,,36624.195,36447.0975,18366.4128,225605.0412,224514.1206,0
002105.SZ,信隆健康,20260422,6.23,1.6031,3.1812,1.12,,,2.7318,1.9154,1.8446,,,36624.195,36447.0975,18366.4128,228168.7349,227065.4174,0
002105.SZ,信隆健康,20260421,6.32,1.1798,2.3412,0.7,,,2.7713,1.9431,1.8712,,,36624.195,36447.0975,18366.4128,231464.9124,230345.6562,0
002105.SZ,信隆健康,20260420,6.39,1.1713,2.3244,,,,2.8019,1.9646,1.8919,,,36624.195,36447.0975,18366.4128,234028.6061,232896.953,0
002105.SZ,信隆健康,20260417,6.32,1.5267,3.0297,0.79,,,2.7713,1.9431,1.8712,,,36624.195,36447.0975,18366.4128,231464.9124,230345.6562,0
002105.SZ,信隆健康,20260416,6.36,1.7588,3.4903,0.84,,,2.7888,1.9554,1.883,,,36624.195,36447.0975,18366.4128,232929.8802,231803.5401,0
002105.SZ,信隆健康,20260415,6.19,1.4906,2.958,0.66,,,2.7142,1.9031,1.8327,,,36624.195,36447.0975,18366.4128,226703.7671,225607.5335,0
002105.SZ,信隆健康,20260414,6.27,2.535,5.0307,1.07,,,2.7493,1.9277,1.8564,,,36624.195,36447.0975,18366.4128,229633.7027,228523.3013,0
002105.SZ,信隆健康,20260413,6.37,1.6867,3.3471,0.67,,,2.7932,1.9585,1.886,,,36624.195,36447.0975,18366.4128,233296.1222,232168.0111,0
002105.SZ,信隆健康,20260410,6.38,2.2155,4.3966,0.9,,,2.7976,1.9615,1.889,,,36624.195,36447.0975,18366.4128,233662.3641,232532.4821,0
002105.SZ,信隆健康,20260409,6.26,2.5167,4.9943,1.04,,,2.7449,1.9246,1.8534,,,36624.195,36447.0975,18366.4128,229267.4607,228158.8304,0
002105.SZ,信隆健康,20260408,6.52,2.3927,4.7482,0.98,,,2.8589,2.0046,1.9304,,,36624.195,36447.0975,18366.4128,238789.7514,237635.0757,0
002105.SZ,信隆健康,20260407,6.27,3.0444,6.0414,1.35,,,2.7493,1.9277,1.8564,,,36624.195,36447.0975,18366.4128,229633.7027,228523.3013,0
002105.SZ,信隆健康,20260403,6.01,2.3281,4.6199,1.06,,,2.6353,1.8478,1.7794,,,36624.195,36447.0975,18366.4128,220111.412,219047.056,0
002105.SZ,信隆健康,20260402,6.34,2.0366,4.0416,0.92,,,2.78,1.9492,1.8771,,,36624.195,36447.0975,18366.4128,232197.3963,231074.5982,0
002105.SZ,信隆健康,20260401,6.5,2.3353,4.6343,1.06,,,2.8502,1.9984,1.9245,,,36624.195,36447.0975,18366.4128,238057.2675,236906.1338,0
002105.SZ,信隆健康,20260331,6.53,2.4609,4.8836,1.04,,,2.8633,2.0077,1.9334,,,36624.195,36447.0975,18366.4128,239155.9934,237999.5467,0
002105.SZ,信隆健康,20260330,6.53,2.131,4.2289,0.76,,,2.8633,2.0077,1.9334,,,36624.195,36447.0975,18366.4128,239155.9934,237999.5467,0
002105.SZ,信隆健康,20260327,6.46,1.9934,3.9559,0.69,,,2.8326,1.9861,1.9127,,,36624.195,36447.0975,18366.4128,236592.2997,235448.2499,0
002105.SZ,信隆健康,20260326,6.35,2.1075,4.1821,0.73,,,2.7844,1.9523,1.8801,,,36624.195,36447.0975,18366.4128,232563.6383,231439.0691,0
002105.SZ,信隆健康,20260325,6.51,2.3461,4.6557,0.83,,,2.8546,2.0015,1.9275,,,36624.195,36447.0975,18366.4128,238423.5095,237270.6047,0
002105.SZ,信隆健康,20260324,6.37,3.2561,6.4615,1.26,,,2.7932,1.9585,1.886,,,36624.195,36447.0975,18366.4128,233296.1222,232168.0111,0
002105.SZ,信隆健康,20260323,6.06,4.3941,8.7198,2.12,,,2.6572,1.8632,1.7942,,,36624.195,36447.0975,18366.4128,221942.6217,220869.4109,0
002105.SZ,信隆健康,20260320,6.47,2.3555,4.6744,1.16,,,2.837,1.9892,1.9156,,,36624.195,36447.0975,18366.4128,236958.5417,235812.7208,0
002105.SZ,信隆健康,20260319,6.77,2.0323,4.033,0.92,,,2.9686,2.0814,2.0044,,,36624.195,36447.0975,18366.4128,247945.8002,246746.8501,0
002105.SZ,信隆健康,20260318,7.02,2.0931,4.1536,0.95,,,3.0782,2.1583,2.0785,,,36624.195,36447.0975,18366.4128,257101.8489,255858.6245,0
002105.SZ,信隆健康,20260317,6.98,2.0588,4.0857,0.92,,,3.0607,2.146,2.0666,,,36624.195,36447.0975,18366.4128,255636.8811,254400.7406,0
002105.SZ,信隆健康,20260316,7.15,1.8361,3.6437,0.79,,,3.1352,2.1983,2.1169,,,36624.195,36447.0975,18366.4128,261862.9943,260596.7471,0
002105.SZ,信隆健康,20260313,7.1,2.0943,4.156,0.9,,,3.1133,2.1829,2.1021,,,36624.195,36447.0975,18366.4128,260031.7845,258774.3923,0
002105.SZ,信隆健康,20260312,7.17,2.9198,5.7942,1.34,,,3.144,2.2044,2.1229,,,36624.195,36447.0975,18366.4128,262595.4782,261325.6891,0
002105.SZ,信隆健康,20260311,7.4,2.1319,4.2307,0.96,,,3.2448,2.2751,2.191,,,36624.195,36447.0975,18366.4128,271019.043,269708.5215,0
002105.SZ,信隆健康,20260310,7.59,2.1989,4.3637,0.94,,,3.3281,2.3336,2.2472,,,36624.195,36447.0975,18366.4128,277977.6401,276633.47,0
002105.SZ,信隆健康,20260309,7.44,2.2998,4.5639,0.92,,,3.2624,2.2874,2.2028,,,36624.195,36447.0975,18366.4128,272484.0108,271166.4054,0
002105.SZ,信隆健康,20260306,7.55,2.0615,4.0909,0.81,,,3.3106,2.3213,2.2354,,,36624.195,36447.0975,18366.4128,276512.6723,275175.5861,0
002105.SZ,信隆健康,20260305,7.35,2.1872,4.3404,0.82,,,3.2229,2.2598,2.1762,,,36624.195,36447.0975,18366.4128,269187.8333,267886.1666,0
002105.SZ,信隆健康,20260304,7.27,2.356,4.6753,0.83,,,3.1878,2.2352,2.1525,,,36624.195,36447.0975,18366.4128,266257.8977,264970.3988,0
002105.SZ,信隆健康,20260303,7.25,2.7315,5.4204,0.95,,,3.179,2.229,2.1466,,,36624.195,36447.0975,18366.4128,265525.4138,264241.4569,0
002105.SZ,信隆健康,20260302,7.41,3.1202,6.1919,1.14,,,3.2492,2.2782,2.1939,,,36624.195,36447.0975,18366.4128,271385.285,270072.9925,0
002105.SZ,信隆健康,20260227,7.72,2.369,4.7012,0.81,,,3.3851,2.3735,2.2857,,,36624.195,36447.0975,18366.4128,282738.7854,281371.5927,0
002105.SZ,信隆健康,20260226,7.66,2.7684,5.4937,0.95,,,3.3588,2.3551,2.2679,,,36624.195,36447.0975,18366.4128,280541.3337,279184.7669,0
002105.SZ,信隆健康,20260225,7.62,3.2328,6.4154,1.16,,,3.3413,2.3428,2.2561,,,36624.195,36447.0975,18366.4128,279076.3659,277726.883,0
002105.SZ,信隆健康,20260224,7.62,2.8614,5.6783,1.05,,,3.3413,2.3428,2.2561,,,36624.195,36447.0975,18366.4128,279076.3659,277726.883,0
002105.SZ,信隆健康,20260213,7.46,2.5041,4.9692,0.9,,,3.2711,2.2936,2.2087,,,36624.195,36447.0975,18366.4128,273216.4947,271895.3474,0
002105.SZ,信隆健康,20260212,7.32,3.172,6.2946,1.18,,,3.2097,2.2505,2.1673,,,36624.195,36447.0975,18366.4128,268089.1074,266792.7537,0
002105.SZ,信隆健康,20260211,7.45,2.7556,5.4684,1.13,,,3.2667,2.2905,2.2058,,,36624.195,36447.0975,18366.4128,272850.2528,271530.8764,0
002105.SZ,信隆健康,20260210,7.45,2.5868,5.1334,1.13,,,3.2667,2.2905,2.2058,,,36624.195,36447.0975,18366.4128,272850.2528,271530.8764,0
002105.SZ,信隆健康,20260209,7.31,2.6696,5.2976,1.17,,,3.2054,2.2475,2.1643,,,36624.195,36447.0975,18366.4128,267722.8655,266428.2827,0
002105.SZ,信隆健康,20260206,7.23,2.734,5.4255,1.24,,,3.1703,2.2229,2.1406,,,36624.195,36447.0975,18366.4128,264792.9299,263512.5149,0
002105.SZ,信隆健康,20260205,7.15,2.7411,5.4396,,,,3.1352,2.1983,2.1169,,,36624.195,36447.0975,18366.4128,261862.9943,260596.7471,0
002105.SZ,信隆健康,20260204,7.1,1.4816,2.9402,0.47,,,3.1133,2.1829,2.1021,,,36624.195,36447.0975,18366.4128,260031.7845,258774.3923,0
002105.SZ,信隆健康,20260203,7.05,1.8089,3.5897,0.46,,,3.0913,2.1675,2.0873,,,36624.195,36447.0975,18366.4128,258200.5748,256952.0374,0
002105.SZ,信隆健康,20260202,6.95,2.598,5.1556,0.61,,,3.0475,2.1368,2.0577,,,36624.195,36447.0975,18366.4128,254538.1553,253307.3276,0
002105.SZ,信隆健康,20260130,6.96,2.3848,4.7325,0.53,,,3.0519,2.1399,2.0607,,,36624.195,36447.0975,18366.4128,254904.3972,253671.7986,0
002105.SZ,信隆健康,20260129,6.86,3.6467,7.2366,,,,3.008,2.1091,2.0311,,,36624.195,36447.0975,18366.4128,251241.9777,250027.0889,0
002105.SZ,信隆健康,20260128,6.97,5.3048,10.527,1.41,,,3.0563,2.1429,2.0637,,,36624.195,36447.0975,18366.4128,255270.6392,254036.2696,0
002105.SZ,信隆健康,20260127,7.31,5.8619,11.6325,,,,3.2054,2.2475,2.1643,,,36624.195,36447.0975,18366.4128,267722.8655,266428.2827,0
002105.SZ,信隆健康,20260126,7.25,4.0255,7.9883,,,,3.179,2.229,2.1466,,,36624.195,36447.0975,18366.4128,265525.4138,264241.4569,0
002105.SZ,信隆健康,20260123,7.47,3.783,7.5071,1.29,,,3.2755,2.2967,2.2117,,,36624.195,36447.0975,18366.4128,273582.7367,272259.8183,0
002105.SZ,信隆健康,20260122,7.33,2.6049,5.1693,0.81,,,3.2141,2.2536,2.1702,,,36624.195,36447.0975,18366.4128,268455.3494,267157.2247,0
002105.SZ,信隆健康,20260121,7.24,2.5982,5.156,,,,3.1747,2.2259,2.1436,,,36624.195,36447.0975,18366.4128,265159.1718,263876.9859,0
002105.SZ,信隆健康,20260120,7.12,2.8126,5.5814,,,,3.122,2.1891,2.1081,0.0,,36624.195,36447.0975,18366.4128,260764.2684,259503.3342,0
002105.SZ,信隆健康,20260119,7.17,2.4418,4.8455,0.56,,,3.144,2.2044,2.1229,0.0,,36624.195,36447.0975,18366.4128,262595.4782,261325.6891,0
002105.SZ,信隆健康,20260116,7.07,4.2227,8.3798,1.0,,,3.1001,2.1737,2.0933,0.0,,36624.195,36447.0975,18366.4128,258933.0587,257680.9793,0
002105.SZ,信隆健康,20260115,7.28,4.0259,7.9892,,,,3.1922,2.2382,2.1554,0.0,,36624.195,36447.0975,18366.4128,266624.1396,265334.8698,0
002105.SZ,信隆健康,20260114,7.57,5.0385,9.9986,1.36,,,3.3194,2.3274,2.2413,0.0,,36624.195,36447.0975,18366.4128,277245.1562,275904.5281,0
002105.SZ,信隆健康,20260113,7.53,4.9171,9.7578,,,,3.3018,2.3151,2.2295,0.0,,36624.195,36447.0975,18366.4128,275780.1884,274446.6442,0
002105.SZ,信隆健康,20260112,7.58,3.7557,7.453,1.16,,,3.3237,2.3305,2.2443,0.0,,36624.195,36447.0975,18366.4128,277611.3981,276268.9991,0
002105.SZ,信隆健康,20260109,7.37,3.3392,6.6265,1.05,,,3.2317,2.2659,2.1821,0.0,,36624.195,36447.0975,18366.4128,269920.3172,268615.1086,0
002105.SZ,信隆健康,20260108,7.3,3.2753,6.4997,,,,3.201,2.2444,2.1614,0.0,,36624.195,36447.0975,18366.4128,267356.6235,266063.8118,0
002105.SZ,信隆健康,20260107,7.22,3.2906,6.53,0.91,,,3.1659,2.2198,2.1377,0.0,,36624.195,36447.0975,18366.4128,264426.6879,263148.044,0
002105.SZ,信隆健康,20260106,7.33,3.4802,6.9064,0.81,,,3.2141,2.2536,2.1702,0.0,,36624.195,36447.0975,18366.4128,268455.3494,267157.2247,0
002105.SZ,信隆健康,20260105,7.37,2.8429,5.6417,0.58,,,3.2317,2.2659,2.1821,0.0,,36624.195,36447.0975,18366.4128,269920.3172,268615.1086,0
