ts_code,name,trade_date,close,turnover_rate,turnover_rate_f,volume_ratio,pe,pe_ttm,pb,ps,ps_ttm,dv_ratio,dv_ttm,total_share,float_share,free_share,total_mv,circ_mv,limit_status
301230.SZ,泓博医药,20241231,25.52,6.3414,8.043,0.74,94.6922,514.1195,3.4558,7.2741,6.9317,1.079,1.3731,13958.6605,7686.0305,6059.9445,356225.016,196147.4984,0.0
301230.SZ,泓博医药,20241230,27.44,5.0375,6.3893,0.56,101.8164,552.7993,3.7158,7.8214,7.4532,1.0035,1.2771,13958.6605,7686.0305,6059.9445,383025.6441,210904.6769,0.0
301230.SZ,泓博医药,20241227,28.52,6.3478,8.0511,0.71,105.8237,574.5567,3.8621,8.1292,7.7466,0.9655,1.2287,13958.6605,7686.0305,6059.9445,398100.9975,219205.5899,0.0
301230.SZ,泓博医药,20241226,28.15,8.0908,10.2618,1.0,104.4509,567.1028,3.812,8.0237,7.6461,0.9782,1.2448,13958.6605,7686.0305,6059.9445,392936.2931,216361.7586,0.0
301230.SZ,泓博医药,20241225,28.59,13.3641,16.9501,2.11,106.0835,575.9669,3.8716,8.1492,7.7656,0.9631,1.2257,13958.6605,7686.0305,6059.9445,399078.1037,219743.612,0.0
301230.SZ,泓博医药,20241224,28.81,10.2604,13.0137,1.88,106.8998,580.399,3.9014,8.2119,7.8253,0.9558,1.2163,13958.6605,7686.0305,6059.9445,402149.009,221434.5387,0.0
301230.SZ,泓博医药,20241223,26.86,6.9265,8.7851,1.26,99.6643,541.1148,3.6373,7.656,7.2957,1.0252,1.3046,13958.6605,7686.0305,6059.9445,374929.621,206446.7792,0.0
301230.SZ,泓博医药,20241220,28.07,6.1911,7.8523,1.17,104.154,565.4911,3.8011,8.0009,7.6243,0.981,1.2484,13958.6605,7686.0305,6059.9445,391819.6002,215746.8761,0.0
301230.SZ,泓博医药,20241219,27.23,3.6396,4.6162,0.62,101.0372,548.5687,3.6874,7.7615,7.3962,1.0112,1.2869,13958.6605,7686.0305,6059.9445,380094.3254,209290.6105,0.0
301230.SZ,泓博医药,20241218,27.35,4.6944,5.9541,0.74,101.4825,550.9862,3.7036,7.7957,7.4288,1.0068,1.2813,13958.6605,7686.0305,6059.9445,381769.3647,210212.9342,0.0
301230.SZ,泓博医药,20241217,27.0,5.838,7.4046,0.78,100.1838,543.9352,3.6562,7.696,7.3337,1.0199,1.2979,13958.6605,7686.0305,6059.9445,376883.8335,207522.8235,0.0
301230.SZ,泓博医药,20241216,27.62,7.0335,8.9208,0.77,102.4843,556.4255,3.7402,7.8727,7.5021,0.997,1.2687,13958.6605,7686.0305,6059.9445,385538.203,212288.1624,0.0
301230.SZ,泓博医药,20241213,26.98,5.2887,6.7078,0.49,100.1096,543.5323,3.6535,7.6902,7.3283,1.0206,1.2988,13958.6605,7686.0305,6059.9445,376604.6603,207369.1029,0.0
301230.SZ,泓博医药,20241212,27.46,6.376,8.0869,0.53,101.8906,553.2022,3.7185,7.8271,7.4586,1.0028,1.2761,13958.6605,7686.0305,6059.9445,383304.8173,211058.3975,0.0
301230.SZ,泓博医药,20241211,27.51,7.1974,9.1287,0.62,102.0761,554.2095,3.7253,7.8413,7.4722,1.0009,1.2738,13958.6605,7686.0305,6059.9445,384002.7504,211442.6991,0.0
301230.SZ,泓博医药,20241210,27.8,11.6539,14.7811,1.13,103.1522,560.0518,3.7646,7.924,7.551,0.9905,1.2605,13958.6605,7686.0305,6059.9445,388050.7619,213671.6479,0.0
301230.SZ,泓博医药,20241209,28.0,15.3843,19.5124,1.8,103.8943,564.0809,3.7917,7.981,7.6053,0.9834,1.2515,13958.6605,7686.0305,6059.9445,390842.494,215208.854,0.0
301230.SZ,泓博医药,20241206,28.18,13.4391,17.0452,1.93,104.5622,567.7072,3.816,8.0323,7.6542,0.9771,1.2435,13958.6605,7686.0305,6059.9445,393355.0529,216592.3395,0.0
301230.SZ,泓博医药,20241205,27.28,12.1797,15.448,2.15,101.2227,549.576,3.6942,7.7758,7.4098,1.0094,1.2845,13958.6605,7686.0305,6059.9445,380792.2584,209674.912,0.0
301230.SZ,泓博医药,20241204,25.81,5.1323,6.5095,0.83,95.7683,519.9617,3.4951,7.3568,7.0105,1.0669,1.3577,13958.6605,7686.0305,6059.9445,360273.0275,198376.4472,0.0
301230.SZ,泓博医药,20241203,25.98,5.4473,6.909,0.78,96.3991,523.3865,3.5181,7.4052,7.0566,1.0599,1.3488,13958.6605,7686.0305,6059.9445,362645.9998,199683.0724,0.0
301230.SZ,泓博医药,20241202,26.4,6.4659,8.2009,0.85,97.9575,531.8477,3.575,7.5249,7.1707,1.043,1.3274,13958.6605,7686.0305,6059.9445,368508.6372,202911.2052,0.0
301230.SZ,泓博医药,20241129,25.58,5.5126,6.9918,0.68,94.9148,515.3282,3.464,7.2912,6.948,1.0765,1.3699,13958.6605,7686.0305,6059.9445,357062.5356,196608.6602,0.0
301230.SZ,泓博医药,20241128,25.3,5.778,7.3285,0.69,93.8759,509.6874,3.426,7.2114,6.8719,1.0884,1.3851,13958.6605,7686.0305,6059.9445,353154.1107,194456.5717,0.0
301230.SZ,泓博医药,20241127,25.98,7.6637,9.7202,0.84,96.3991,523.3865,3.5181,7.4052,7.0566,1.0599,1.3488,13958.6605,7686.0305,6059.9445,362645.9998,199683.0724,0.0
301230.SZ,泓博医药,20241126,26.23,9.3162,11.8161,1.08,97.3267,528.423,3.552,7.4765,7.1246,1.0498,1.336,13958.6605,7686.0305,6059.9445,366135.6649,201604.58,0.0
301230.SZ,泓博医药,20241125,25.79,9.636,12.2216,1.05,95.6941,519.5588,3.4924,7.3511,7.005,1.0677,1.3588,13958.6605,7686.0305,6059.9445,359993.8543,198222.7266,0.0
301230.SZ,泓博医药,20241122,24.88,8.1657,10.3568,0.79,92.3175,501.2262,3.3692,7.0917,6.7579,1.1068,1.4085,13958.6605,7686.0305,6059.9445,347291.4732,191228.4388,0.0
301230.SZ,泓博医药,20241121,26.07,7.3372,9.306,0.61,96.733,525.1996,3.5303,7.4309,7.0811,1.0562,1.3442,13958.6605,7686.0305,6059.9445,363902.2792,200374.8151,0.0
301230.SZ,泓博医药,20241120,26.46,11.0571,14.0241,0.76,98.1801,533.0565,3.5831,7.542,7.187,1.0407,1.3244,13958.6605,7686.0305,6059.9445,369346.1568,203372.367,0.0
301230.SZ,泓博医药,20241119,25.26,6.8569,8.6968,0.43,93.7275,508.8816,3.4206,7.2,6.8611,1.0901,1.3873,13958.6605,7686.0305,6059.9445,352595.7642,194149.1304,0.0
301230.SZ,泓博医药,20241118,24.61,12.5103,15.8673,0.83,91.3157,495.7868,3.3326,7.0147,6.6845,1.1189,1.4239,13958.6605,7686.0305,6059.9445,343522.6349,189153.2106,0.0
301230.SZ,泓博医药,20241115,27.64,14.1639,17.9646,1.04,102.5585,556.8285,3.7429,7.8784,7.5075,0.9962,1.2678,13958.6605,7686.0305,6059.9445,385817.3762,212441.883,0.0
301230.SZ,泓博医药,20241114,26.97,15.3619,19.484,1.29,100.0725,543.3308,3.6522,7.6874,7.3256,1.021,1.2993,13958.6605,7686.0305,6059.9445,376465.0737,207292.2426,0.0
301230.SZ,泓博医药,20241113,27.78,24.0784,30.5394,2.92,103.078,559.6489,3.7619,7.9183,7.5456,0.9912,1.2614,13958.6605,7686.0305,6059.9445,387771.5887,213517.9273,0.0
301230.SZ,泓博医药,20241112,26.98,13.6637,17.3301,2.03,100.1096,543.5323,3.6535,7.6902,7.3283,1.0206,1.2988,13958.6605,7686.0305,6059.9445,376604.6603,207369.1029,0.0
301230.SZ,泓博医药,20241111,26.5,8.4175,10.9231,1.4,98.3285,533.8623,3.5885,7.5534,7.1979,1.0391,1.3224,13958.6605,7686.0305,5922.9445,369904.5033,203679.8083,0.0
301230.SZ,泓博医药,20241108,25.35,6.3418,8.2296,1.03,94.0614,510.6947,3.4328,7.2256,6.8855,1.0862,1.3823,13958.6605,7686.0305,5922.9445,353852.0437,194840.8732,0.0
301230.SZ,泓博医药,20241107,25.43,6.8725,8.9182,1.08,94.3583,512.3064,3.4436,7.2484,6.9073,1.0828,1.378,13958.6605,7686.0305,5922.9445,354968.7365,195455.7556,0.0
301230.SZ,泓博医药,20241106,24.84,5.9023,7.6592,0.89,92.1691,500.4204,3.3637,7.0803,6.747,1.1085,1.4107,13958.6605,7686.0305,5922.9445,346733.1268,190920.9976,0.0
301230.SZ,泓博医药,20241105,25.11,6.0412,7.8394,0.88,93.1709,505.8597,3.4003,7.1572,6.8203,1.0966,1.3956,13958.6605,7686.0305,5922.9445,350501.9652,192996.2259,0.0
301230.SZ,泓博医药,20241104,24.37,4.8846,6.3386,0.64,90.4251,490.9519,3.3001,6.9463,6.6193,1.1299,1.4379,13958.6605,7686.0305,5922.9445,340172.5564,187308.5633,0.0
301230.SZ,泓博医药,20241101,23.58,7.081,9.1888,0.86,87.4938,475.0367,3.1931,6.7211,6.4048,1.1678,1.4861,13958.6605,7686.0305,5922.9445,329145.2146,181236.5992,0.0
301230.SZ,泓博医药,20241031,25.0,7.8181,10.1453,0.82,92.7628,503.6437,3.3854,7.1259,6.7905,1.1014,1.4017,13958.6605,7686.0305,5922.9445,348966.5125,192150.7625,0.0
301230.SZ,泓博医药,20241030,24.19,7.1785,9.3154,0.7,89.7572,487.3256,3.2757,6.895,6.5705,1.1383,1.4486,13958.6605,7686.0305,5922.9445,337659.9975,185925.0778,0.0
301230.SZ,泓博医药,20241029,25.15,7.4769,9.7026,0.7,93.3193,506.6655,3.4057,7.1686,6.8312,1.0949,1.3933,13958.6605,7686.0305,5922.9445,351060.3116,193303.6671,0.0
301230.SZ,泓博医药,20241028,25.66,8.7082,11.3003,0.8,95.2117,516.9399,3.4748,7.314,6.9697,1.0731,1.3656,13958.6605,7686.0305,5922.9445,358179.2284,197223.5426,0.0
301230.SZ,泓博医药,20241025,25.88,9.992,12.9663,0.94,96.028,174.4534,3.4431,7.3767,6.9763,1.064,1.354,13958.6605,7686.0305,5922.9445,361250.1337,198914.4693,0.0
301230.SZ,泓博医药,20241024,25.99,14.5637,18.8989,1.63,96.4362,175.1949,3.4577,7.4081,7.0059,1.0595,1.3483,13958.6605,7686.0305,5922.9445,362785.5864,199759.9327,0.0
301230.SZ,泓博医药,20241023,26.0,10.7282,13.9217,1.35,96.4733,175.2623,3.4143,7.4109,7.0086,1.0591,0.9688,13958.6605,7686.0305,5922.9445,362925.173,199836.793,0.0
301230.SZ,泓博医药,20241022,25.67,9.1748,11.9059,1.11,95.2488,173.0378,3.371,7.3169,6.9197,1.0727,0.9813,13958.6605,7686.0305,5922.9445,358318.815,197300.4029,0.0
301230.SZ,泓博医药,20241021,25.46,9.663,12.5394,1.12,94.4696,171.6222,3.3434,7.257,6.8631,1.0815,0.9894,13958.6605,7686.0305,5922.9445,355387.4963,195686.3365,0.0
301230.SZ,泓博医药,20241018,24.47,9.0166,11.7005,0.84,90.7962,164.9488,3.2134,6.9748,6.5962,1.1253,1.0294,13958.6605,7686.0305,5922.9445,341568.4224,188077.1663,0.0
301230.SZ,泓博医药,20241017,23.64,6.1117,7.931,0.42,87.7165,159.3538,3.1044,6.7382,6.3725,1.1648,1.0655,13958.6605,7686.0305,5922.9445,329982.7342,181697.761,0.0
301230.SZ,泓博医药,20241016,23.7,5.7845,7.5064,0.39,87.9391,159.7583,3.1123,6.7553,6.3886,1.1619,1.0628,13958.6605,7686.0305,5922.9445,330820.2539,182158.9229,0.0
301230.SZ,泓博医药,20241015,23.85,10.6684,13.8441,0.7,88.4957,160.7694,3.132,6.7981,6.4291,1.1546,1.0561,13958.6605,7686.0305,5922.9445,332914.0529,183311.8274,0.0
301230.SZ,泓博医药,20241014,23.8,11.6548,15.124,0.77,88.3101,160.4324,3.1254,6.7838,6.4156,1.157,1.0584,13958.6605,7686.0305,5922.9445,332216.1199,182927.5259,0.0
301230.SZ,泓博医药,20241011,23.6,19.3625,25.1261,1.52,87.568,159.0842,3.0991,6.7268,6.3617,1.1668,1.0673,13958.6605,7686.0305,5922.9445,329424.3878,181390.3198,0.0
301230.SZ,泓博医药,20241010,27.52,25.1013,32.5732,2.88,102.1132,185.5084,3.6139,7.8442,7.4184,1.0006,0.9153,13958.6605,7686.0305,5922.9445,384142.337,211519.5594,0.0
301230.SZ,泓博医药,20241009,24.09,8.2208,10.6679,0.99,89.3862,162.3872,3.1635,6.8665,6.4938,1.143,1.0456,13958.6605,7686.0305,5922.9445,336264.1314,185156.4747,0.0
301230.SZ,泓博医药,20241008,28.07,12.2843,15.941,1.88,104.154,189.2158,3.6861,8.0009,7.5666,0.981,0.8974,13958.6605,7686.0305,5922.9445,391819.6002,215746.8761,0.0
301230.SZ,泓博医药,20240930,25.15,11.0767,14.3739,2.15,93.3193,169.5325,3.3027,7.1686,6.7795,1.0949,1.0015,13958.6605,7686.0305,5922.9445,351060.3116,193303.6671,0.0
301230.SZ,泓博医药,20240927,22.01,7.0064,9.092,1.71,81.6683,148.3663,2.8903,6.2736,5.9331,1.2511,1.1444,13958.6605,7686.0305,5922.9445,307230.1176,169169.5313,0.0
301230.SZ,泓博医药,20240926,20.5,4.9471,6.4197,1.37,76.0655,138.1876,2.692,5.8432,5.526,1.3432,1.2287,13958.6605,7686.0305,5922.9445,286152.5403,157563.6253,0.0
301230.SZ,泓博医药,20240925,20.23,6.1335,7.9592,2.21,75.0636,136.3675,2.6566,5.7663,5.4533,1.3612,1.2451,13958.6605,7686.0305,5922.9445,282383.7019,155488.397,0.0
301230.SZ,泓博医药,20240924,19.56,3.5779,4.6429,1.41,72.5776,131.8512,2.5686,5.5753,5.2727,1.4078,1.2878,13958.6605,7686.0305,5922.9445,273031.3994,150338.7566,0.0
301230.SZ,泓博医药,20240923,18.93,4.0537,5.2604,2.01,70.24,127.6044,2.4859,5.3957,5.1028,1.4546,1.3306,13958.6605,7686.0305,5922.9445,264237.4433,145496.5574,0.0
301230.SZ,泓博医药,20240920,18.79,1.7924,2.3259,0.93,69.7205,126.6607,2.4675,5.3558,5.0651,1.4655,1.3405,13958.6605,7686.0305,5922.9445,262283.2308,144420.5131,0.0
301230.SZ,泓博医药,20240919,19.15,2.4848,3.2244,1.48,71.0563,129.0874,2.5148,5.4584,5.1621,1.4379,1.3153,13958.6605,7686.0305,5922.9445,267308.3486,147187.4841,0.0
301230.SZ,泓博医药,20240918,18.6,1.9739,2.5615,1.18,69.0155,125.3799,2.4425,5.3017,5.0139,1.4804,1.3542,13958.6605,7686.0305,5922.9445,259631.0853,142960.1673,0.0
301230.SZ,泓博医药,20240913,18.94,2.3554,3.0565,1.5,70.2771,127.6718,2.4872,5.3986,5.1055,1.4539,1.3299,13958.6605,7686.0305,5922.9445,264377.0299,145573.4177,0.0
301230.SZ,泓博医药,20240912,19.66,1.4903,1.9339,0.92,72.9486,132.5252,2.5817,5.6038,5.2996,1.4006,1.2812,13958.6605,7686.0305,5922.9445,274427.2654,151107.3596,0.0
301230.SZ,泓博医药,20240911,19.87,1.2901,1.6741,0.79,73.7278,133.9408,2.6093,5.6636,5.3562,1.3858,1.2677,13958.6605,7686.0305,5922.9445,277358.5841,152721.426,0.0
301230.SZ,泓博医药,20240910,19.86,1.2914,1.6759,0.75,73.6907,133.8734,2.608,5.6608,5.3535,1.3865,1.2683,13958.6605,7686.0305,5922.9445,277218.9975,152644.5657,0.0
301230.SZ,泓博医药,20240909,19.77,1.9076,2.4755,1.12,73.3568,133.2667,2.5962,5.6351,5.3293,1.3928,1.2741,13958.6605,7686.0305,5922.9445,275962.7181,151952.823,0.0
301230.SZ,泓博医药,20240906,19.64,1.8911,2.454,1.03,72.8744,132.3904,2.5791,5.5981,5.2942,1.402,1.2825,13958.6605,7686.0305,5922.9445,274148.0922,150953.639,0.0
301230.SZ,泓博医药,20240905,20.3,1.6904,2.1936,0.93,75.3234,136.8394,2.6658,5.7862,5.4721,1.3565,1.2408,13958.6605,7686.0305,5922.9445,283360.8082,156026.4192,0.0
301230.SZ,泓博医药,20240904,20.07,1.3859,1.7984,0.74,74.4699,135.289,2.6356,5.7207,5.4101,1.372,1.2551,13958.6605,7686.0305,5922.9445,280150.3162,154258.6321,0.0
301230.SZ,泓博医药,20240903,20.04,1.6934,2.1974,0.92,74.3586,135.0868,2.6316,5.7121,5.402,1.3741,1.2569,13958.6605,7686.0305,5922.9445,279731.5564,154028.0512,0.0
301230.SZ,泓博医药,20240902,19.98,1.8805,2.4402,1.1,74.136,134.6823,2.6238,5.695,5.3859,1.3782,1.2607,13958.6605,7686.0305,5922.9445,278894.0368,153566.8894,0.0
301230.SZ,泓博医药,20240830,20.45,2.4968,3.24,1.54,75.8799,137.8505,2.6855,5.829,5.5126,1.3465,1.2317,13958.6605,7686.0305,5922.9445,285454.6072,157179.3237,0.0
301230.SZ,泓博医药,20240829,20.38,1.6651,2.1608,0.89,75.6202,137.3787,2.6763,5.809,5.4937,1.3511,1.236,13958.6605,7686.0305,5922.9445,284477.501,156641.3016,0.0
301230.SZ,泓博医药,20240828,19.94,1.5838,2.0552,0.87,73.9876,134.4127,2.6185,5.6836,5.3751,1.3809,1.2632,13958.6605,7686.0305,5922.9445,278335.6904,153259.4482,0.0
301230.SZ,泓博医药,20240827,19.74,1.5307,1.9864,0.8,73.2455,105.9332,2.5795,5.6266,5.5214,1.3949,1.276,13958.6605,7686.0305,5922.9445,275543.9583,151722.2421,0.0
301230.SZ,泓博医药,20240826,20.06,1.2782,1.6587,0.55,74.4328,107.6504,2.6213,5.7178,5.6109,1.3727,1.2557,13958.6605,7686.0305,5922.9445,280010.7296,154181.7718,0.0
301230.SZ,泓博医药,20240823,19.86,2.0238,2.6263,0.73,73.6907,106.5771,2.5952,5.6608,5.5549,1.3865,1.2683,13958.6605,7686.0305,5922.9445,277218.9975,152644.5657,0.0
301230.SZ,泓博医药,20240822,20.09,2.9123,3.7791,1.03,74.5441,107.8114,2.6253,5.7264,5.6193,1.3706,1.2538,13958.6605,7686.0305,5922.9445,280429.4894,154412.3527,0.0
301230.SZ,泓博医药,20240821,21.0,1.3186,1.7111,0.42,77.9207,112.6949,2.7442,5.9857,5.8738,1.3112,1.1995,13958.6605,7686.0305,5922.9445,293131.8705,161406.6405,0.0
301230.SZ,泓博医药,20240820,21.19,1.9961,2.5903,0.59,78.6257,113.7145,2.769,6.0399,5.9269,1.2995,1.1887,13958.6605,7686.0305,5922.9445,295784.016,162866.9863,0.0
301230.SZ,泓博医药,20240819,21.73,3.3589,4.3588,0.88,80.6294,116.6123,2.8396,6.1938,6.078,1.2672,1.1592,13958.6605,7686.0305,5922.9445,303321.6927,167017.4428,0.0
301230.SZ,泓博医药,20240816,22.66,4.2224,5.4792,1.01,84.0802,121.6031,2.9611,6.4589,6.3381,1.2152,1.1116,13958.6605,7686.0305,5922.9445,316303.2469,174165.4511,0.0
301230.SZ,泓博医药,20240815,22.1,3.1869,4.1355,0.62,82.0023,118.5979,2.8879,6.2993,6.1815,1.246,1.1398,13958.6605,7686.0305,5922.9445,308486.3971,169861.2741,0.0
301230.SZ,泓博医药,20240814,22.06,2.7717,3.5967,0.49,81.8539,118.3833,2.8827,6.2879,6.1703,1.2482,1.1418,13958.6605,7686.0305,5922.9445,307928.0506,169553.8328,0.0
301230.SZ,泓博医药,20240813,22.62,3.3133,4.2996,0.5,83.9317,121.3885,2.9559,6.4475,6.3269,1.2173,1.1136,13958.6605,7686.0305,5922.9445,315744.9005,173858.0099,0.0
301230.SZ,泓博医药,20240812,23.03,5.5419,7.1916,0.81,85.453,123.5887,3.0095,6.5644,6.4416,1.1957,1.0937,13958.6605,7686.0305,5922.9445,321467.9513,177009.2824,0.0
301230.SZ,泓博医药,20240809,22.41,6.1172,7.9381,0.79,83.1525,120.2615,2.9284,6.3876,6.2682,1.2287,1.124,13958.6605,7686.0305,5922.9445,312813.5818,172243.9435,0.0
301230.SZ,泓博医药,20240808,23.58,8.0233,10.4116,1.12,87.4938,126.5402,3.0813,6.7211,6.5954,1.1678,1.0682,13958.6605,7686.0305,5922.9445,329145.2146,181236.5992,0.0
301230.SZ,泓博医药,20240807,23.6,5.2013,6.7496,0.69,87.568,126.6476,3.0839,6.7268,6.601,1.1668,1.0673,13958.6605,7686.0305,5922.9445,329424.3878,181390.3198,0.0
301230.SZ,泓博医药,20240806,24.02,8.4835,11.0088,1.1,89.1265,128.9015,3.1388,6.8465,6.7185,1.1464,1.0487,13958.6605,7686.0305,5922.9445,335287.0252,184618.4526,0.0
301230.SZ,泓博医药,20240805,22.72,6.4027,8.3086,0.92,84.3028,121.9251,2.9689,6.476,6.3549,1.212,1.1087,13958.6605,7686.0305,5922.9445,317140.7666,174626.613,0.0
301230.SZ,泓博医药,20240802,23.23,10.8355,14.061,2.08,86.1952,124.662,3.0356,6.6214,6.4975,1.1854,1.0843,13958.6605,7686.0305,5922.9445,324259.6834,178546.4885,0.0
301230.SZ,泓博医药,20240801,22.91,4.827,6.2639,1.0,85.0078,122.9447,2.9938,6.5302,6.408,1.2019,1.0995,13958.6605,7686.0305,5922.9445,319792.9121,176086.9588,0.0
301230.SZ,泓博医药,20240731,22.94,7.3313,9.5136,1.76,85.1191,123.1057,2.9977,6.5387,6.4164,1.2004,1.098,13958.6605,7686.0305,5922.9445,320211.6719,176317.5397,0.0
301230.SZ,泓博医药,20240730,22.48,9.0722,11.7727,2.66,83.4123,120.6372,2.9376,6.4076,6.2878,1.2249,1.1205,13958.6605,7686.0305,5922.9445,313790.688,172781.9656,0.0
301230.SZ,泓博医药,20240729,21.35,2.847,3.6944,0.84,79.2194,114.5731,2.7899,6.0855,5.9717,1.2897,1.1798,13958.6605,7686.0305,5922.9445,298017.4017,164096.7512,0.0
301230.SZ,泓博医药,20240726,20.91,1.9406,2.5183,0.55,77.5868,112.2119,2.7324,5.9601,5.8486,1.3169,1.2046,13958.6605,7686.0305,5922.9445,291875.5911,160714.8978,0.0
301230.SZ,泓博医药,20240725,20.75,2.8489,3.697,0.8,76.9931,111.3533,2.7115,5.9145,5.8039,1.327,1.2139,13958.6605,7686.0305,5922.9445,289642.2054,159485.1329,0.0
301230.SZ,泓博医药,20240724,21.22,4.0829,5.2982,1.23,78.737,113.8755,2.7729,6.0484,5.9353,1.2976,1.187,13958.6605,7686.0305,5922.9445,296202.7758,163097.5672,0.0
301230.SZ,泓博医药,20240723,22.2,5.3296,6.916,1.86,82.3733,119.1346,2.901,6.3278,6.2094,1.2404,1.1346,13958.6605,7686.0305,5922.9445,309882.2631,170629.8771,0.0
301230.SZ,泓博医药,20240722,22.2,2.7724,3.5977,0.87,82.3733,119.1346,2.901,6.3278,6.2094,1.2404,1.1346,13958.6605,7686.0305,5922.9445,309882.2631,170629.8771,0.0
301230.SZ,泓博医药,20240719,21.87,2.5683,3.3328,0.64,81.1489,117.3636,2.8579,6.2337,6.1171,1.2591,1.1518,13958.6605,7686.0305,5922.9445,305275.9051,168093.487,0.0
301230.SZ,泓博医药,20240718,21.67,3.0235,3.9236,0.7,80.4068,116.2904,2.8317,6.1767,6.0612,1.2707,1.1624,13958.6605,7686.0305,5922.9445,302484.173,166556.2809,0.0
301230.SZ,泓博医药,20240717,21.9,2.948,3.8255,0.66,81.2602,117.5246,2.8618,6.2423,6.1255,1.2574,1.1502,13958.6605,7686.0305,5922.9445,305694.665,168324.068,0.0
301230.SZ,泓博医药,20240716,22.24,3.0036,3.8977,0.62,82.5217,119.3492,2.9062,6.3392,6.2206,1.2381,1.1326,13958.6605,7686.0305,5922.9445,310440.6095,170937.3183,0.0
301230.SZ,泓博医药,20240715,21.82,4.3439,5.6369,0.87,80.9633,117.0953,2.8513,6.2195,6.1032,1.262,1.1544,13958.6605,7686.0305,5922.9445,304577.9721,167709.1855,0.0
301230.SZ,泓博医药,20240712,22.73,6.5975,8.5614,1.4,84.3399,121.9788,2.9703,6.4789,6.3577,1.2114,1.1082,13958.6605,7686.0305,5922.9445,317280.3532,174703.4733,0.0
301230.SZ,泓博医药,20240711,22.33,4.8004,6.2293,1.06,82.8557,119.8322,2.918,6.3648,6.2458,1.2331,1.128,13958.6605,7686.0305,5922.9445,311696.889,171629.0611,0.0
301230.SZ,泓博医药,20240710,21.47,3.4725,4.5062,0.76,79.6647,115.2171,2.8056,6.1197,6.0053,1.2825,1.1732,13958.6605,7686.0305,5922.9445,299692.4409,165019.0748,0.0
301230.SZ,泓博医药,20240709,21.89,5.077,6.5883,1.24,81.2231,117.471,2.8605,6.2394,6.1227,1.2579,1.1507,13958.6605,7686.0305,5922.9445,305555.0783,168247.2076,0.0
301230.SZ,泓博医药,20240708,21.85,4.9789,6.4609,1.28,81.0746,117.2563,2.8553,6.228,6.1115,1.2602,1.1528,13958.6605,7686.0305,5922.9445,304996.7319,167939.7664,0.0
301230.SZ,泓博医药,20240705,22.71,5.2657,6.8331,1.46,84.2657,121.8714,2.9676,6.4731,6.3521,1.2125,1.1092,13958.6605,7686.0305,5922.9445,317001.18,174549.7527,0.0
301230.SZ,泓博医药,20240704,21.71,3.8224,4.9602,0.96,80.5552,116.505,2.837,6.1881,6.0724,1.2684,1.1602,13958.6605,7686.0305,5922.9445,303042.5195,166863.7222,0.0
301230.SZ,泓博医药,20240703,22.45,3.7124,4.8175,0.77,83.301,120.4762,2.9337,6.399,6.2794,1.2266,1.122,13958.6605,7686.0305,5922.9445,313371.9282,172551.3847,0.0
301230.SZ,泓博医药,20240702,22.28,2.6484,3.4367,0.49,82.6702,119.5639,2.9114,6.3506,6.2318,1.2359,1.1306,13958.6605,7686.0305,5922.9445,310998.9559,171244.7595,0.0
301230.SZ,泓博医药,20240701,22.55,4.0431,5.2467,0.66,83.672,121.0128,2.9467,6.4275,6.3073,1.2211,1.117,13958.6605,7686.0305,5922.9445,314767.7943,173319.9878,0.0
301230.SZ,泓博医药,20240628,22.52,3.8003,5.5919,0.51,83.5607,120.8518,2.9428,6.419,6.2989,1.2227,1.1185,13958.6605,7686.0305,5223.4102,314349.0345,173089.4069,0.0
301230.SZ,泓博医药,20240627,22.54,5.7153,8.4099,0.75,83.6349,120.9591,2.9454,6.4247,6.3045,1.2217,1.1175,13958.6605,7686.0305,5223.4102,314628.2077,173243.1275,0.0
301230.SZ,泓博医药,20240626,23.84,7.799,11.4759,1.2,88.4586,127.9355,3.1153,6.7952,6.6682,1.155,1.0566,13958.6605,7686.0305,5223.4102,332774.4663,183234.9671,0.0
301230.SZ,泓博医药,20240625,22.72,5.8773,115.8556,1.01,84.3028,121.9251,2.9689,6.476,6.3549,1.212,1.1087,13958.6605,7686.0305,389.9062,317140.7666,174626.613,0.0
301230.SZ,泓博医药,20240624,22.71,7.2486,9.4063,1.54,84.2657,121.8714,2.9676,6.4731,6.3521,1.2125,1.1092,13958.6605,7686.0305,5922.9445,317001.18,174549.7527,0.0
301230.SZ,泓博医药,20240621,25.03,10.4343,13.5403,3.25,92.8741,134.3215,3.2708,7.1344,7.001,1.1001,1.0063,13958.6605,7686.0305,5922.9445,349385.2723,192381.3434,0.0
301230.SZ,泓博医药,20240620,31.11,8.816,11.426,2.65,89.0007,128.7196,3.0345,6.8369,6.709,1.148,1.148,10762.2666,5937.1666,4580.9466,334814.1139,184705.2529,0.0
301230.SZ,泓博医药,20240619,30.5,2.7131,3.5164,0.63,87.2556,126.1957,2.975,6.7028,6.5775,1.171,1.171,10762.2666,5937.1666,4580.9466,328249.1313,181083.5813,0.0
301230.SZ,泓博医药,20240618,30.75,3.072,3.9815,0.71,87.9708,127.2301,2.9994,6.7578,6.6314,1.1614,1.1614,10762.2666,5937.1666,4580.9466,330939.698,182567.873,0.0
301230.SZ,泓博医药,20240617,30.66,2.4202,3.1367,0.51,87.7134,126.8577,2.9906,6.738,6.612,1.1648,1.1648,10762.2666,5937.1666,4580.9466,329971.094,182033.528,0.0
301230.SZ,泓博医药,20240614,31.0,3.7687,4.8845,0.66,88.6861,128.2645,3.0238,6.8127,6.6853,1.1521,1.1521,10762.2666,5937.1666,4580.9466,333630.2646,184052.1646,0.0
301230.SZ,泓博医药,20240613,31.38,4.6883,6.0762,0.85,89.7732,129.8368,3.0608,6.8962,6.7673,1.1381,1.1381,10762.2666,5937.1666,4580.9466,337719.9259,186308.2879,0.0
301230.SZ,泓博医药,20240612,31.62,7.4893,9.7065,1.57,90.4598,130.8298,3.0843,6.949,6.819,1.1295,1.1295,10762.2666,5937.1666,4580.9466,340302.8699,187733.2079,0.0
301230.SZ,泓博医药,20240611,30.37,3.3442,4.3343,0.7,86.8837,125.6578,2.9623,6.6743,6.5494,1.176,1.176,10762.2666,5937.1666,4580.9466,326850.0366,180311.7496,0.0
301230.SZ,泓博医药,20240607,29.93,4.4626,5.7838,0.95,85.625,123.8373,2.9194,6.5776,6.4546,1.1933,1.1933,10762.2666,5937.1666,4580.9466,322114.6393,177699.3963,0.0
301230.SZ,泓博医药,20240606,29.57,8.4532,10.9559,2.33,84.595,122.3478,2.8843,6.4985,6.3769,1.2078,1.2078,10762.2666,5937.1666,4580.9466,318240.2234,175562.0164,0.0
301230.SZ,泓博医药,20240605,31.83,3.7802,4.8994,1.04,91.0605,131.6987,3.1047,6.9951,6.8643,1.122,1.122,10762.2666,5937.1666,4580.9466,342562.9459,188980.0129,0.0
301230.SZ,泓博医药,20240604,32.31,3.7615,4.8751,0.89,92.4338,133.6847,3.1516,7.1006,6.9678,1.1054,1.1054,10762.2666,5937.1666,4580.9466,347728.8338,191829.8528,0.0
301230.SZ,泓博医药,20240603,32.35,3.578,4.6373,0.77,92.5482,133.8502,3.1555,7.1094,6.9764,1.104,1.104,10762.2666,5937.1666,4580.9466,348159.3245,192067.3395,0.0
301230.SZ,泓博医药,20240531,32.87,3.8536,4.9945,0.78,94.0358,136.0018,3.2062,7.2237,7.0886,1.0865,1.0865,10762.2666,5937.1666,4580.9466,353755.7031,195154.6661,0.0
301230.SZ,泓博医药,20240530,32.31,3.1809,4.1226,0.51,92.4338,133.6847,3.1516,7.1006,6.9678,1.1054,1.1054,10762.2666,5937.1666,4580.9466,347728.8338,191829.8528,0.0
301230.SZ,泓博医药,20240529,32.5,3.7249,4.8277,0.52,92.9773,134.4709,3.1701,7.1424,7.0088,1.0989,1.0989,10762.2666,5937.1666,4580.9466,349773.6645,192957.9145,0.0
301230.SZ,泓博医药,20240528,32.49,6.7928,8.8038,0.89,92.9487,134.4295,3.1691,7.1402,7.0066,1.0992,1.0992,10762.2666,5937.1666,4580.9466,349666.0418,192898.5428,0.0
301230.SZ,泓博医药,20240527,34.4,5.5342,7.1726,0.61,98.4129,142.3322,3.3554,7.5599,7.4185,1.0382,1.0382,10762.2666,5937.1666,4580.9466,370221.971,204238.531,0.0
301230.SZ,泓博医药,20240524,33.82,5.6258,8.2732,0.55,96.7536,139.9324,3.2989,7.4325,7.2934,1.056,1.056,10762.2666,5937.1666,4037.28,363979.8564,200794.9744,0.0
301230.SZ,泓博医药,20240523,33.79,9.7762,14.3768,0.84,96.6678,139.8083,3.2959,7.4259,7.287,1.0569,1.0569,10762.2666,5937.1666,4037.28,363656.9884,200616.8594,0.0
301230.SZ,泓博医药,20240522,36.08,8.3814,12.3256,0.56,103.2191,149.2833,3.5193,7.9291,7.7808,0.9899,0.9899,10762.2666,5937.1666,4037.28,388302.5789,214212.9709,0.0
301230.SZ,泓博医药,20240521,36.73,8.963,13.1808,0.46,105.0787,151.9728,3.5827,8.072,7.921,0.9723,0.9723,10762.2666,5937.1666,4037.28,395298.0522,218072.1292,0.0
301230.SZ,泓博医药,20240520,36.92,12.5748,18.4924,0.65,105.6222,152.7589,3.6012,8.1137,7.962,0.9673,0.9673,10762.2666,5937.1666,4037.28,397342.8829,219200.1909,0.0
301230.SZ,泓博医药,20240517,35.95,11.7829,17.3278,0.61,102.8472,148.7455,3.5066,7.9006,7.7528,0.9934,0.9934,10762.2666,5937.1666,4037.28,386903.4843,213441.1393,0.0
301230.SZ,泓博医药,20240516,36.77,16.7727,24.6657,0.87,105.1931,152.1383,3.5866,8.0808,7.9296,0.9713,0.9713,10762.2666,5937.1666,4037.28,395728.5429,218309.6159,0.0
301230.SZ,泓博医药,20240515,36.23,24.8348,36.5217,1.41,103.6482,149.904,3.5339,7.9621,7.8132,0.9858,0.9858,10762.2666,5937.1666,4037.28,389916.9189,215103.5459,0.0
301230.SZ,泓博医药,20240514,41.64,30.6283,45.0416,2.27,119.1254,172.2882,4.0616,9.151,8.9799,0.8577,0.8577,10762.2666,5937.1666,4037.28,448140.7812,247223.6172,1.0
301230.SZ,泓博医药,20240513,34.7,12.2567,18.0245,0.89,99.2712,143.5735,3.3847,7.6258,7.4832,1.0292,1.0292,10762.2666,5937.1666,4037.28,373450.651,206019.681,0.0
301230.SZ,泓博医药,20240510,36.61,11.8892,17.4841,0.88,104.7354,151.4762,3.571,8.0456,7.8951,0.9755,0.9755,10762.2666,5937.1666,4037.28,394006.5802,217359.6692,0.0
301230.SZ,泓博医药,20240509,37.84,16.7766,24.6715,1.31,108.2542,156.5655,3.691,8.3159,8.1604,0.9438,0.9438,10762.2666,5937.1666,4037.28,407244.1681,224662.3841,0.0
301230.SZ,泓博医药,20240508,38.25,16.7709,24.663,1.41,109.4271,158.2619,3.731,8.406,8.2488,0.9337,0.9337,10762.2666,5937.1666,4037.28,411656.6975,227096.6225,0.0
301230.SZ,泓博医药,20240507,36.04,9.8756,14.5229,0.82,103.1047,149.1178,3.5154,7.9203,7.7722,0.991,0.991,10762.2666,5937.1666,4037.28,387872.0883,213975.4843,0.0
301230.SZ,泓博医药,20240506,36.96,13.4844,19.8668,1.24,105.7367,152.9244,3.6051,8.1225,7.9706,0.9663,0.9663,10762.2666,5937.1666,4029.8,397773.3735,219437.6775,0.0
301230.SZ,泓博医药,20240430,34.92,10.9489,16.1312,1.09,99.9005,144.4838,3.4061,7.6742,7.5307,1.0227,1.0227,10762.2666,5937.1666,4029.8,375818.3497,207325.8577,0.0
301230.SZ,泓博医药,20240429,36.1,13.0473,19.2228,1.55,103.2763,149.3661,3.5212,7.9335,7.7851,0.9893,0.9893,10762.2666,5937.1666,4029.8,388517.8243,214331.7143,0.0
301230.SZ,泓博医药,20240426,33.69,12.1178,17.3555,1.72,96.3817,139.3946,3.2862,7.4039,7.2654,1.0601,1.0601,10762.2666,5937.1666,4145.4,362580.7618,200023.1428,0.0
301230.SZ,泓博医药,20240425,32.47,10.5845,15.1595,1.68,92.8915,92.8915,3.127,7.1358,7.1358,1.0999,1.0999,10762.2666,5937.1666,4145.4,349450.7965,192779.7995,0.0
301230.SZ,泓博医药,20240424,31.23,7.8465,11.2381,1.22,89.344,89.344,3.0075,6.8633,6.8633,1.1436,1.1436,10762.2666,5937.1666,4145.4,336105.5859,185417.7129,0.0
301230.SZ,泓博医药,20240423,31.7,6.6712,9.5546,0.99,50.7867,45.527,3.0303,7.1241,6.6378,1.1266,1.1266,10762.2666,5937.1666,4145.4,341163.8512,188208.1812,0.0
301230.SZ,泓博医药,20240422,31.24,4.9856,7.1405,0.66,50.0497,44.8663,2.9863,7.0208,6.5415,1.1432,1.1432,10762.2666,5937.1666,4145.4,336213.2086,185477.0846,0.0
301230.SZ,泓博医药,20240419,30.87,5.1452,7.3691,0.7,49.4569,44.335,2.9509,6.9376,6.4641,1.1569,1.1569,10762.2666,5937.1666,4145.4,332231.1699,183280.3329,0.0
301230.SZ,泓博医药,20240418,31.73,6.7909,9.7261,0.97,50.8347,45.5701,3.0332,7.1309,6.6441,1.1256,1.1256,10762.2666,5937.1666,4145.4,341486.7192,188386.2962,0.0
301230.SZ,泓博医药,20240417,31.89,8.4351,12.081,1.31,51.0911,45.7999,3.0484,7.1668,6.6776,1.1199,1.1199,10762.2666,5937.1666,4145.4,343208.6819,189336.2429,0.0
301230.SZ,泓博医药,20240416,29.53,8.4344,12.08,1.34,47.3101,42.4105,2.8229,6.6365,6.1835,1.2094,1.2094,10762.2666,5937.1666,4145.4,317809.7327,175324.5297,0.0
301230.SZ,泓博医药,20240415,32.8,8.6995,12.4596,1.5,52.549,47.1068,3.1354,7.3714,6.8682,1.0889,1.0889,10762.2666,5937.1666,4145.4,353002.3445,194739.0645,0.0
301230.SZ,泓博医药,20240412,34.87,4.3569,6.24,0.66,55.8653,50.0797,3.3333,7.8366,7.3016,1.0242,1.0242,10762.2666,5937.1666,4145.4,375280.2363,207028.9993,0.0
301230.SZ,泓博医药,20240411,35.38,5.0426,7.2222,0.62,56.6824,50.8121,3.3821,7.9512,7.4084,1.0094,1.0094,10762.2666,5937.1666,4145.4,380768.9923,210056.9543,0.0
301230.SZ,泓博医药,20240410,35.76,5.7167,8.1876,0.61,57.2912,51.3579,3.4184,8.0366,7.488,0.9987,0.9987,10762.2666,5937.1666,4145.4,384858.6536,212313.0776,0.0
301230.SZ,泓博医药,20240409,37.24,7.5988,10.8832,0.76,59.6623,53.4834,3.5599,8.3692,7.7979,0.959,0.959,10762.2666,5937.1666,4145.4,400786.8082,221100.0842,0.0
301230.SZ,泓博医药,20240408,36.12,6.2718,8.9827,0.55,57.868,51.8749,3.4528,8.1175,7.5634,0.9888,0.9888,10762.2666,5937.1666,4145.4,388733.0696,214450.4576,0.0
301230.SZ,泓博医药,20240403,37.61,8.552,12.2484,0.65,60.2551,54.0148,3.5952,8.4523,7.8754,0.9496,0.9496,10762.2666,5937.1666,4145.4,404768.8468,223296.8358,0.0
301230.SZ,泓博医药,20240402,39.65,12.7545,18.2674,0.93,63.5234,56.9446,3.7902,8.9108,8.3025,0.9007,0.9007,10762.2666,5937.1666,4145.4,426723.8707,235408.6557,0.0
301230.SZ,泓博医药,20240401,42.49,11.4342,16.3764,0.77,68.0733,61.0234,4.0617,9.5491,8.8972,0.8405,0.8405,10762.2666,5937.1666,4145.4,457288.7078,252270.2088,0.0
301230.SZ,泓博医药,20240329,41.1,10.8991,15.61,0.68,65.8464,59.0271,3.9289,9.2367,8.6062,0.869,0.869,10762.2666,5937.1666,4145.4,442329.1573,244017.5473,0.0
301230.SZ,泓博医药,20240328,41.9,13.7656,19.7156,0.75,67.1281,60.1761,4.0053,9.4165,8.7737,0.8524,0.8524,10762.2666,5937.1666,4145.4,450938.9705,248767.2805,0.0
301230.SZ,泓博医药,20240327,41.11,16.6447,23.839,0.79,65.8624,59.0415,3.9298,9.2389,8.6083,0.8687,0.8687,10762.2666,5937.1666,4145.4,442436.7799,244076.9189,0.0
301230.SZ,泓博医药,20240326,41.1,15.97,22.8727,0.65,65.8464,59.0271,3.9289,9.2367,8.6062,0.869,0.869,10762.2666,5937.1666,4145.4,442329.1573,244017.5473,0.0
301230.SZ,泓博医药,20240325,42.13,16.832,24.1073,0.66,67.4966,60.5064,4.0273,9.4681,8.8218,0.8477,0.8477,10762.2666,5937.1666,4145.4,453414.2919,250132.8289,0.0
301230.SZ,泓博医药,20240322,45.35,16.4373,23.542,0.63,72.6554,65.1309,4.3351,10.1918,9.4961,0.7875,0.7875,10762.2666,5937.1666,4145.4,488068.7903,269250.5053,0.0
301230.SZ,泓博医药,20240321,48.37,25.4307,36.4226,0.96,77.4937,69.4682,4.6238,10.8705,10.1285,0.7384,0.7384,10762.2666,5937.1666,4145.4,520570.8354,287180.7484,0.0
301230.SZ,泓博医药,20240320,50.19,30.1495,43.181,1.26,80.4095,72.082,4.7978,11.2795,10.5096,0.7116,0.7116,10762.2666,5937.1666,4145.4,540158.1607,297986.3917,0.0
301230.SZ,泓博医药,20240319,47.7,34.4331,49.3161,1.81,76.4203,68.5059,4.5598,10.7199,9.9882,0.7487,0.7487,10762.2666,5937.1666,4145.4,513360.1168,283202.8468,0.0
301230.SZ,泓博医药,20240318,44.84,21.863,31.3128,1.43,71.8383,64.3984,4.2864,10.0772,9.3893,0.7965,0.7965,10762.2666,5937.1666,4145.4,482580.0343,266222.5503,1.0
301230.SZ,泓博医药,20240315,37.37,18.4525,26.4282,1.52,59.8706,53.6701,3.5723,8.3984,7.8251,0.9557,0.9557,10762.2666,5937.1666,4145.4,402185.9028,221871.9158,0.0
301230.SZ,泓博医药,20240314,40.6,27.3935,39.2337,3.71,65.0454,58.309,3.8811,9.1243,8.5015,0.8797,0.8797,10762.2666,5937.1666,4145.4,436948.024,241048.964,0.0
301230.SZ,泓博医药,20240313,36.42,17.7767,25.4603,4.02,58.3486,52.3058,3.4815,8.1849,7.6262,0.9806,0.9806,10762.2666,5937.1666,4145.4,391961.7496,216231.6076,1.0
301230.SZ,泓博医药,20240312,30.35,9.4061,13.4717,2.73,48.6238,43.5881,2.9012,6.8208,6.3552,1.1767,1.1767,10762.2666,5937.1666,4145.4,326634.7913,180193.0063,0.0
301230.SZ,泓博医药,20240311,28.1,3.6112,5.1721,0.9,45.0191,40.3567,2.6862,6.3151,5.884,1.271,1.271,10762.2666,5937.1666,4145.4,302419.6915,166834.3815,0.0
301230.SZ,泓博医药,20240308,27.3,2.5728,3.6849,0.58,43.7374,39.2078,2.6097,6.1353,5.7165,1.3082,1.3082,10762.2666,5937.1666,4145.4,293809.8782,162084.6482,0.0
301230.SZ,泓博医药,20240307,27.0,3.5029,5.017,0.7,43.2568,38.7769,2.581,6.0679,5.6537,1.3228,1.3228,10762.2666,5937.1666,4145.4,290581.1982,160303.4982,0.0
301230.SZ,泓博医药,20240306,27.55,2.9947,4.2891,0.5,44.1379,39.5668,2.6336,6.1915,5.7689,1.2963,1.2963,10762.2666,5937.1666,4145.4,296500.4448,163568.9398,0.0
301230.SZ,泓博医药,20240305,27.56,4.5288,6.4863,0.73,44.154,39.5812,2.6345,6.1937,5.771,1.2959,1.2959,10762.2666,5937.1666,4145.4,296608.0675,163628.3115,0.0
301230.SZ,泓博医药,20240304,28.86,6.4608,9.2534,1.06,46.2367,41.4482,2.7588,6.4859,6.0432,1.2375,1.2375,10762.2666,5937.1666,4145.4,310599.0141,171346.6281,0.0
301230.SZ,泓博医药,20240301,28.15,4.6451,6.6529,0.74,45.0992,40.4285,2.6909,6.3263,5.8945,1.2687,1.2687,10762.2666,5937.1666,4145.4,302957.8048,167131.2398,0.0
301230.SZ,泓博医药,20240229,28.37,6.221,8.9098,1.02,45.4517,40.7445,2.712,6.3758,5.9406,1.2589,1.2589,10762.2666,5937.1666,4145.4,305325.5034,168437.4164,0.0
301230.SZ,泓博医药,20240228,27.52,8.2623,11.8335,1.4,44.0899,39.5237,2.6307,6.1847,5.7626,1.2978,1.2978,10762.2666,5937.1666,4145.4,296177.5768,163390.8248,0.0
301230.SZ,泓博医药,20240227,29.7,5.3068,7.6005,0.79,47.5825,42.6546,2.8391,6.6747,6.2191,1.2025,1.2025,10762.2666,5937.1666,4145.4,319639.318,176333.848,0.0
301230.SZ,泓博医药,20240226,29.18,5.9024,8.4536,0.87,46.7494,41.9078,2.7894,6.5578,6.1102,1.2239,1.2239,10762.2666,5937.1666,4145.4,314042.9394,173246.5214,0.0
301230.SZ,泓博医药,20240223,29.35,5.6675,8.1171,0.83,47.0217,42.152,2.8056,6.596,6.1458,1.2168,1.2168,10762.2666,5937.1666,4145.4,315872.5247,174255.8397,0.0
301230.SZ,泓博医药,20240222,28.6,5.2796,7.5616,0.77,45.8201,41.0748,2.7339,6.4275,5.9887,1.2488,1.2488,10762.2666,5937.1666,4145.4,307800.8248,169802.9648,0.0
301230.SZ,泓博医药,20240221,28.03,7.2769,10.4222,1.14,44.9069,40.2562,2.6795,6.2994,5.8694,1.2741,1.2741,10762.2666,5937.1666,4145.4,301666.3328,166418.7798,0.0
301230.SZ,泓博医药,20240220,28.5,9.4283,13.5035,1.69,45.6599,40.9312,2.7244,6.405,5.9678,1.2531,1.2531,10762.2666,5937.1666,4145.4,306724.5981,169209.2481,0.0
301230.SZ,泓博医药,20240219,26.56,6.3683,9.1209,1.13,42.5518,38.145,2.5389,5.969,5.5616,1.3447,1.3447,10762.2666,5937.1666,4145.4,285845.8009,157691.1449,0.0
301230.SZ,泓博医药,20240208,25.1,5.7749,8.271,0.99,40.2128,36.0482,2.3994,5.6409,5.2558,1.4229,1.4229,10762.2666,5937.1666,4145.4,270132.8917,149022.8817,0.0
301230.SZ,泓博医药,20240207,23.25,5.4864,7.8578,0.96,37.2489,33.3912,2.2225,5.2251,4.8685,1.5361,1.5361,10762.2666,5937.1666,4145.4,250222.6985,138039.1235,0.0
301230.SZ,泓博医药,20240206,24.0,4.8955,7.0116,0.87,38.4505,34.4684,2.2942,5.3937,5.0255,1.4881,1.4881,10762.2666,5937.1666,4145.4,258294.3984,142491.9984,0.0
301230.SZ,泓博医药,20240205,23.25,5.4328,7.781,0.87,37.2489,33.3912,2.2225,5.2251,4.8685,1.5361,1.5361,10762.2666,5937.1666,4145.4,250222.6985,138039.1235,
301230.SZ,泓博医药,20240202,25.94,6.4946,9.3017,0.89,41.5585,37.2546,2.4797,5.8297,5.4317,1.3768,1.3768,10762.2666,5937.1666,4145.4,279173.1956,154010.1016,0.0
301230.SZ,泓博医药,20240201,28.03,6.7205,9.6253,0.9,44.9069,40.2562,2.6795,6.2994,5.8694,1.2741,1.2741,10762.2666,5937.1666,4145.4,301666.3328,166418.7798,0.0
301230.SZ,泓博医药,20240131,26.32,5.0853,7.2833,0.75,42.1673,37.8003,2.516,5.9151,5.5113,1.3569,1.3569,10762.2666,5937.1666,4145.4,283262.8569,156266.2249,
301230.SZ,泓博医药,20240130,29.66,4.4669,6.3976,0.72,47.5184,42.5972,2.8353,6.6657,6.2107,1.2041,1.2041,10762.2666,5937.1666,4145.4,319208.8274,176096.3614,
301230.SZ,泓博医药,20240129,31.2,8.3175,11.9126,1.68,49.9856,44.8089,2.9825,7.0118,6.5332,1.1447,1.1447,10762.2666,5937.1666,4145.4,335782.7179,185239.5979,
301230.SZ,泓博医药,20240126,33.72,11.9755,17.1517,4.31,54.0229,48.4281,3.2234,7.5781,7.0608,1.0591,1.0591,10762.2666,5937.1666,4145.4,362903.6298,200201.2578,
301230.SZ,泓博医药,20240125,34.8,7.6664,10.9801,4.86,55.7532,49.9792,3.3266,7.8208,7.287,1.0263,1.0263,10762.2666,5937.1666,4145.4,374526.8777,206613.3977,1.0
301230.SZ,泓博医药,20240124,29.0,1.4194,2.0329,0.88,46.461,41.6493,2.7722,6.5174,6.0725,1.2315,1.2315,10762.2666,5937.1666,4145.4,312105.7314,172177.8314,0.0
301230.SZ,泓博医药,20240123,28.69,1.4332,2.0527,0.88,45.9643,41.2041,2.7426,6.4477,6.0076,1.2448,1.2448,10762.2666,5937.1666,4145.4,308769.4288,170337.3098,0.0
301230.SZ,泓博医药,20240122,28.41,2.3261,3.3315,1.71,45.5157,40.8019,2.7158,6.3848,5.9489,1.2571,1.2571,10762.2666,5937.1666,4145.4,305755.9941,168674.9031,
301230.SZ,泓博医药,20240119,30.5,1.0391,1.4883,0.72,48.8641,43.8036,2.9156,6.8545,6.3866,1.171,1.171,10762.2666,5937.1666,4145.4,328249.1313,181083.5813,0.0
301230.SZ,泓博医药,20240118,31.06,1.6639,2.3831,1.05,49.7613,44.6078,2.9691,6.9803,6.5038,1.1498,1.1498,10762.2666,5937.1666,4145.4,334276.0006,184408.3946,0.0
301230.SZ,泓博医药,20240117,31.07,1.6467,2.3584,1.08,49.7773,44.6222,2.9701,6.9826,6.5059,1.1495,1.1495,10762.2666,5937.1666,4145.4,334383.6233,184467.7663,
301230.SZ,泓博医药,20240116,32.53,1.4309,2.0493,0.93,52.1164,46.719,3.1096,7.3107,6.8116,1.0979,1.0979,10762.2666,5937.1666,4145.4,350096.5325,193136.0295,0.0
301230.SZ,泓博医药,20240115,33.12,1.0059,1.4406,0.64,53.0616,47.5664,3.166,7.4433,6.9352,1.0783,1.0783,10762.2666,5937.1666,4145.4,356446.2698,196638.9578,
301230.SZ,泓博医药,20240112,33.28,1.471,2.1068,0.94,53.318,47.7962,3.1813,7.4792,6.9687,1.0731,1.0731,10762.2666,5937.1666,4145.4,358168.2324,197588.9044,
301230.SZ,泓博医药,20240111,33.94,2.3546,3.3723,1.72,54.3754,48.744,3.2444,7.6276,7.1069,1.0523,1.0523,10762.2666,5937.1666,4145.4,365271.3284,201507.4344,0.0
301230.SZ,泓博医药,20240110,33.04,1.3527,1.9374,0.98,52.9335,47.4515,3.1584,7.4253,6.9184,1.0809,1.0809,10762.2666,5937.1666,4145.4,355585.2885,196163.9845,
301230.SZ,泓博医药,20240109,33.43,1.4781,2.1169,1.06,53.5583,48.0116,3.1957,7.5129,7.0001,1.0683,1.0683,10762.2666,5937.1666,4145.4,359782.5724,198479.4794,0.0
301230.SZ,泓博医药,20240108,33.09,1.2052,1.7261,0.76,53.0136,47.5233,3.1632,7.4365,6.9289,1.0793,1.0793,10762.2666,5937.1666,4145.4,356123.4018,196460.8428,0.0
301230.SZ,泓博医药,20240105,34.2,1.4063,2.0142,0.73,54.7919,49.1174,3.2693,7.686,7.1613,1.0443,1.0443,10762.2666,5937.1666,4145.4,368069.5177,203051.0977,
301230.SZ,泓博医药,20240104,35.0,1.3937,1.9962,0.71,56.0736,50.2664,3.3457,7.8658,7.3289,1.0204,1.0204,10762.2666,5937.1666,4145.4,376679.331,207800.831,
301230.SZ,泓博医药,20240103,34.76,1.4061,2.0139,0.69,55.6891,49.9217,3.3228,7.8118,7.2786,1.0275,1.0275,10762.2666,5937.1666,4145.4,374096.387,206375.911,
301230.SZ,泓博医药,20240102,35.11,1.5795,2.2622,0.7,56.2498,50.4244,3.3563,7.8905,7.3519,1.0172,1.0172,10762.2666,5937.1666,4145.4,377863.1803,208453.9193,0.0
