ts_code,name,trade_date,close,turnover_rate,turnover_rate_f,volume_ratio,pe,pe_ttm,pb,ps,ps_ttm,dv_ratio,dv_ttm,total_share,float_share,free_share,total_mv,circ_mv,limit_status
600967.SH,内蒙一机,20231229,8.26,0.2991,0.7004,0.81,17.0837,17.2587,1.2598,0.9801,1.2091,2.1207,2.9317,170263.6737,169527.1857,72394.9358,1406377.9448,1400294.5539,0.0
600967.SH,内蒙一机,20231228,8.18,0.3473,0.8134,0.86,16.9182,17.0916,1.2476,0.9706,1.1973,2.1414,2.9604,170263.6737,169527.1857,72394.9358,1392756.8509,1386732.379,
600967.SH,内蒙一机,20231227,8.08,0.2475,0.5797,0.56,16.7114,16.8826,1.2323,0.9588,1.1827,2.1679,2.9971,170263.6737,169527.1857,72394.9358,1375730.4835,1369779.6605,0.0
600967.SH,内蒙一机,20231226,8.06,0.344,0.8055,0.76,16.67,16.8408,1.2293,0.9564,1.1798,2.1733,3.0045,170263.6737,169527.1857,72394.9358,1372325.21,1366389.1167,
600967.SH,内蒙一机,20231225,8.15,0.4631,1.0845,1.01,16.8562,17.0289,1.243,0.9671,1.193,2.1493,2.9713,170263.6737,169527.1857,72394.9358,1387648.9407,1381646.5635,
600967.SH,内蒙一机,20231222,8.1,0.4385,1.0267,0.97,16.7528,16.9244,1.2354,0.9611,1.1856,2.1625,2.9897,170263.6737,169527.1857,72394.9358,1379135.757,1373170.2042,
600967.SH,内蒙一机,20231221,8.06,0.5242,1.2276,1.28,16.67,16.8408,1.2293,0.9564,1.1798,2.1733,3.0045,170263.6737,169527.1857,72394.9358,1372325.21,1366389.1167,
600967.SH,内蒙一机,20231220,8.01,0.4219,0.988,1.1,16.5666,16.7364,1.2217,0.9505,1.1725,2.1868,3.0233,170263.6737,169527.1857,72394.9358,1363812.0263,1357912.7575,
600967.SH,内蒙一机,20231219,8.17,0.4207,0.9851,1.13,16.8975,17.0707,1.2461,0.9695,1.1959,2.144,2.964,170263.6737,169527.1857,72394.9358,1391054.2141,1385037.1072,0.0
600967.SH,内蒙一机,20231218,8.27,0.4919,1.152,1.31,17.1044,17.2796,1.2613,0.9813,1.2105,2.1181,2.9282,170263.6737,169527.1857,72394.9358,1408080.5815,1401989.8257,0.0
600967.SH,内蒙一机,20231215,8.43,0.4064,0.9516,1.02,17.4353,17.6139,1.2857,1.0003,1.2339,2.0779,2.8726,170263.6737,169527.1857,72394.9358,1435322.7693,1429114.1755,0.0
600967.SH,内蒙一机,20231214,8.45,0.2989,0.7,0.73,17.4766,17.6557,1.2888,1.0027,1.2369,2.073,2.8658,170263.6737,169527.1857,72394.9358,1438728.0428,1432504.7192,0.0
600967.SH,内蒙一机,20231213,8.49,0.2965,0.6943,0.71,17.5712,17.7512,1.2951,1.0081,1.2436,2.0618,2.8504,170377.9257,169527.1857,72394.9358,1446508.5892,1439285.8066,0.0
600967.SH,内蒙一机,20231212,8.52,0.369,0.8641,0.88,17.6332,17.8139,1.2997,1.0117,1.248,2.0546,2.8404,170377.9257,169527.1857,72394.9358,1451619.927,1444371.6222,0.0
600967.SH,内蒙一机,20231211,8.46,0.5075,1.1884,1.32,17.5091,17.6885,1.2906,1.0045,1.2392,2.0691,2.8605,170377.9257,169527.1857,72394.9358,1441397.2514,1434199.991,0.0
600967.SH,内蒙一机,20231208,8.34,0.5293,1.2395,1.54,17.2607,17.4376,1.2722,0.9903,1.2216,2.0989,2.9017,170377.9257,169527.1857,72394.9358,1420951.9003,1413856.7287,0.0
600967.SH,内蒙一机,20231207,8.49,0.333,0.7798,0.99,17.5712,17.7512,1.2951,1.0081,1.2436,2.0618,2.8504,170377.9257,169527.1857,72394.9358,1446508.5892,1439285.8066,0.0
600967.SH,内蒙一机,20231206,8.52,0.3479,0.8147,1.09,17.6332,17.8139,1.2997,1.0117,1.248,2.0546,2.8404,170377.9257,169527.1857,72394.9358,1451619.927,1444371.6222,0.0
600967.SH,内蒙一机,20231205,8.56,0.3828,0.8963,1.3,17.716,17.8976,1.3058,1.0164,1.2538,2.045,2.8271,170377.9257,169527.1857,72394.9358,1458435.044,1451152.7096,0.0
600967.SH,内蒙一机,20231204,8.69,0.3283,0.7689,1.12,17.9851,18.1694,1.3256,1.0318,1.2729,2.0144,2.7848,170377.9257,169527.1857,72394.9358,1480584.1743,1473191.2437,0.0
600967.SH,内蒙一机,20231201,8.7,0.3227,0.7557,1.1,18.0058,18.1903,1.3272,1.033,1.2743,2.0121,2.7816,170377.9257,169527.1857,72394.9358,1482287.9536,1474886.5156,0.0
600967.SH,内蒙一机,20231130,8.61,0.2975,0.6966,1.03,17.8195,18.0021,1.3134,1.0223,1.2611,2.0331,2.8107,170377.9257,169527.1857,72394.9358,1466953.9403,1459629.0689,0.0
600967.SH,内蒙一机,20231129,8.67,0.2592,0.6071,0.9,17.9437,18.1276,1.3226,1.0295,1.2699,2.019,2.7912,170377.9257,169527.1857,72394.9358,1477176.6158,1469800.7,0.0
600967.SH,内蒙一机,20231128,8.73,0.2641,0.6184,0.81,18.0679,18.253,1.3317,1.0366,1.2787,2.0051,2.7721,170377.9257,169527.1857,72394.9358,1487399.2914,1479972.3312,0.0
600967.SH,内蒙一机,20231127,8.69,0.3255,0.7622,0.92,17.9851,18.1694,1.3256,1.0318,1.2729,2.0144,2.7848,170377.9257,169527.1857,72394.9358,1480584.1743,1473191.2437,0.0
600967.SH,内蒙一机,20231124,8.63,0.327,0.7658,0.98,17.8609,18.0439,1.3165,1.0247,1.2641,2.0284,2.8042,170377.9257,169527.1857,72394.9358,1470361.4988,1463019.6126,0.0
600967.SH,内蒙一机,20231123,8.75,0.2637,0.6176,0.75,18.1093,18.2948,1.3348,1.039,1.2816,2.0006,2.7657,170377.9257,169527.1857,72394.9358,1490806.8499,1483362.8749,0.0
600967.SH,内蒙一机,20231122,8.68,0.2639,0.6181,0.64,17.9644,18.1485,1.3241,1.0307,1.2714,2.0167,2.788,170377.9257,169527.1857,72394.9358,1478880.3951,1471495.9719,0.0
600967.SH,内蒙一机,20231121,8.79,0.4497,1.0532,0.92,18.192,18.3785,1.3409,1.0437,1.2875,1.9915,2.7531,170377.9257,169527.1857,72394.9358,1497621.9669,1490143.9623,0.0
600967.SH,内蒙一机,20231120,8.79,0.4565,1.0691,0.86,18.192,18.3785,1.3409,1.0437,1.2875,1.9915,2.7531,170377.9257,169527.1857,72394.9358,1497621.9669,1490143.9623,0.0
600967.SH,内蒙一机,20231117,8.68,0.2388,0.5593,0.45,17.9644,18.1485,1.3241,1.0307,1.2714,2.0167,2.788,170377.9257,169527.1857,72394.9358,1478880.3951,1471495.9719,0.0
600967.SH,内蒙一机,20231116,8.67,0.3491,0.8175,0.68,17.9437,18.1276,1.3226,1.0295,1.2699,2.019,2.7912,170377.9257,169527.1857,72394.9358,1477176.6158,1469800.7,0.0
600967.SH,内蒙一机,20231115,8.76,0.5773,1.3519,1.2,18.13,18.3157,1.3363,1.0402,1.2831,1.9983,2.7626,170377.9257,169527.1857,72394.9358,1492510.6291,1485058.1467,0.0
600967.SH,内蒙一机,20231114,8.79,0.8148,1.908,2.12,18.192,18.3785,1.3409,1.0437,1.2875,1.9915,2.7531,170377.9257,169527.1857,72394.9358,1497621.9669,1490143.9623,0.0
600967.SH,内蒙一机,20231113,8.75,0.6614,1.5488,1.92,18.1093,18.2948,1.3348,1.039,1.2816,2.0006,2.7657,170377.9257,169527.1857,72394.9358,1490806.8499,1483362.8749,0.0
600967.SH,内蒙一机,20231110,8.62,0.2488,0.5825,0.62,17.8402,18.023,1.315,1.0235,1.2626,2.0307,2.8074,170377.9257,169527.1857,72394.9358,1468657.7195,1461324.3407,0.0
600967.SH,内蒙一机,20231109,8.58,0.2833,0.6634,0.65,17.7574,17.9394,1.3089,1.0188,1.2567,2.0402,2.8205,170377.9257,169527.1857,72394.9358,1461842.6025,1454543.2533,0.0
600967.SH,内蒙一机,20231108,8.64,0.3882,0.9091,0.88,17.8816,18.0648,1.318,1.0259,1.2655,2.026,2.8009,170377.9257,169527.1857,72394.9358,1472065.278,1464714.8844,0.0
600967.SH,内蒙一机,20231107,8.66,0.3428,0.8027,0.77,17.923,18.1066,1.3211,1.0283,1.2685,2.0213,2.7945,170377.9257,169527.1857,72394.9358,1475472.8366,1468105.4282,0.0
600967.SH,内蒙一机,20231106,8.71,0.4594,1.0757,0.99,18.0265,18.2112,1.3287,1.0342,1.2758,2.0097,2.7784,170377.9257,169527.1857,72394.9358,1483991.7328,1476581.7874,0.0
600967.SH,内蒙一机,20231103,8.57,0.5271,1.2343,1.16,17.7367,17.9185,1.3073,1.0176,1.2553,2.0426,2.8238,170377.9257,169527.1857,72394.9358,1460138.8232,1452847.9814,0.0
600967.SH,内蒙一机,20231102,8.45,0.4612,1.0799,0.88,17.4884,17.6676,1.289,1.0033,1.2377,2.0716,2.8639,170377.9257,169527.1857,72394.9358,1439693.4722,1432504.7192,0.0
600967.SH,内蒙一机,20231101,8.63,0.4186,0.9802,0.83,17.8609,18.0439,1.3165,1.0247,1.2641,2.0284,2.8042,170377.9257,169527.1857,72394.9358,1470361.4988,1463019.6126,0.0
600967.SH,内蒙一机,20231031,8.63,0.3549,0.8311,0.68,17.8609,18.0439,1.3165,1.0247,1.2641,2.0284,2.8042,170377.9257,169527.1857,72394.9358,1470361.4988,1463019.6126,0.0
600967.SH,内蒙一机,20231030,8.61,0.5491,1.2858,1.04,17.8195,18.0021,1.3134,1.0223,1.2611,2.0331,2.8107,170377.9257,169527.1857,72394.9358,1466953.9403,1459629.0689,0.0
600967.SH,内蒙一机,20231027,8.52,0.4899,1.1472,0.98,17.6332,17.8139,1.2997,1.0117,1.248,2.0546,2.8404,170377.9257,169527.1857,72394.9358,1451619.927,1444371.6222,0.0
600967.SH,内蒙一机,20231026,8.54,0.8089,1.8942,1.87,17.6746,17.8557,1.3028,1.014,1.2509,2.0497,2.8337,170377.9257,169527.1857,72394.9358,1455027.4855,1447762.1659,0.0
600967.SH,内蒙一机,20231025,8.63,0.3263,0.7641,0.73,17.8609,17.7487,1.3361,1.0247,1.1018,2.0284,2.8042,170377.9257,169527.1857,72394.9358,1470361.4988,1463019.6126,0.0
600967.SH,内蒙一机,20231024,8.55,0.4344,1.0173,0.92,17.6953,17.5842,1.3237,1.0152,1.0915,2.0474,2.8304,170377.9257,169527.1857,72394.9358,1456731.2647,1449457.4377,0.0
600967.SH,内蒙一机,20231023,8.59,0.5692,1.3329,1.24,17.7781,17.6665,1.3299,1.02,1.0966,2.0378,2.8172,170377.9257,169527.1857,72394.9358,1463546.3818,1456238.5252,0.0
600967.SH,内蒙一机,20231020,8.56,0.3551,0.8315,0.76,17.716,17.6048,1.3252,1.0164,1.0928,2.045,2.8271,170377.9257,169527.1857,72394.9358,1458435.044,1451152.7096,0.0
600967.SH,内蒙一机,20231019,8.6,0.4821,1.129,1.09,17.7988,17.687,1.3314,1.0212,1.0979,2.0354,2.814,170377.9257,169527.1857,72394.9358,1465250.161,1457933.797,0.0
600967.SH,内蒙一机,20231018,8.75,0.3817,0.8937,0.86,18.1093,17.9955,1.3547,1.039,1.1171,2.0006,2.7657,170377.9257,169527.1857,72394.9358,1490806.8499,1483362.8749,0.0
600967.SH,内蒙一机,20231017,8.98,0.5791,1.356,1.46,18.5853,18.4686,1.3903,1.0663,1.1464,1.9493,2.6949,170377.9257,169527.1857,72394.9358,1529993.7728,1522354.1276,0.0
600967.SH,内蒙一机,20231016,8.84,0.4967,1.1632,1.3,18.2955,18.1806,1.3686,1.0497,1.1286,1.9802,2.7376,170377.9257,169527.1857,72394.9358,1506140.8632,1498620.3216,
600967.SH,内蒙一机,20231013,8.76,0.3876,0.9077,1.08,18.13,18.0161,1.3562,1.0402,1.1183,1.9983,2.7626,170377.9257,169527.1857,72394.9358,1492510.6291,1485058.1467,0.0
600967.SH,内蒙一机,20231012,8.89,0.3637,0.8516,1.03,18.399,18.2835,1.3763,1.0556,1.1349,1.969,2.7222,170377.9257,169527.1857,72394.9358,1514659.7595,1507096.6809,0.0
600967.SH,内蒙一机,20231011,8.83,0.3867,0.9054,1.1,18.2748,18.1601,1.367,1.0485,1.1273,1.9824,2.7407,170377.9257,169527.1857,72394.9358,1504437.0839,1496925.0497,0.0
600967.SH,内蒙一机,20231010,8.89,0.3529,0.8263,1.01,18.399,18.2835,1.3763,1.0556,1.1349,1.969,2.7222,170377.9257,169527.1857,72394.9358,1514659.7595,1507096.6809,0.0
600967.SH,内蒙一机,20231009,8.9,0.4154,0.9727,1.29,18.4197,18.304,1.3779,1.0568,1.1362,1.9668,2.7191,170377.9257,169527.1857,72394.9358,1516363.5387,1508791.9527,0.0
600967.SH,内蒙一机,20230928,8.86,0.2825,0.6615,0.89,18.3369,18.2218,1.3717,1.052,1.1311,1.9757,2.7314,170377.9257,169527.1857,72394.9358,1509548.4217,1502010.8653,0.0
600967.SH,内蒙一机,20230927,8.83,0.3352,0.7849,1.1,18.2748,18.1601,1.367,1.0485,1.1273,1.9824,2.7407,170377.9257,169527.1857,72394.9358,1504437.0839,1496925.0497,0.0
600967.SH,内蒙一机,20230926,8.81,0.3683,0.8625,1.22,18.2334,18.1189,1.3639,1.0461,1.1247,1.9869,2.7469,170377.9257,169527.1857,72394.9358,1501029.5254,1493534.506,0.0
600967.SH,内蒙一机,20230925,8.89,0.3387,0.7932,1.14,18.399,18.2835,1.3763,1.0556,1.1349,1.969,2.7222,170377.9257,169527.1857,72394.9358,1514659.7595,1507096.6809,0.0
600967.SH,内蒙一机,20230922,9.01,0.2809,0.6578,0.95,18.6474,18.5303,1.3949,1.0698,1.1503,1.9428,2.6859,170377.9257,169527.1857,72394.9358,1535105.1106,1527439.9432,0.0
600967.SH,内蒙一机,20230921,8.89,0.2595,0.6077,0.88,18.399,18.2835,1.3763,1.0556,1.1349,1.969,2.7222,170377.9257,169527.1857,72394.9358,1514659.7595,1507096.6809,0.0
600967.SH,内蒙一机,20230920,8.93,0.2767,0.6479,0.88,18.4818,18.3657,1.3825,1.0603,1.1401,1.9602,2.71,170377.9257,169527.1857,72394.9358,1521474.8765,1513877.7683,0.0
600967.SH,内蒙一机,20230919,8.98,0.3478,0.8145,1.16,18.5853,18.4686,1.3903,1.0663,1.1464,1.9493,2.6949,170377.9257,169527.1857,72394.9358,1529993.7728,1522354.1276,0.0
600967.SH,内蒙一机,20230918,9.08,0.3148,0.7371,0.96,18.7922,18.6742,1.4057,1.0782,1.1592,1.9278,2.6652,170377.9257,169527.1857,72394.9358,1547031.5654,1539306.8462,0.0
600967.SH,内蒙一机,20230915,9.07,0.2763,0.6469,0.78,18.7715,18.6537,1.4042,1.077,1.1579,1.93,2.6681,170377.9257,169527.1857,72394.9358,1545327.7861,1537611.5743,0.0
600967.SH,内蒙一机,20230914,9.05,0.2602,0.6093,0.69,18.7302,18.6125,1.4011,1.0746,1.1554,1.9342,2.674,170377.9257,169527.1857,72394.9358,1541920.2276,1534221.0306,0.0
600967.SH,内蒙一机,20230913,9.11,0.3784,0.886,0.95,18.8543,18.7359,1.4104,1.0817,1.163,1.9215,2.6564,170377.9257,169527.1857,72394.9358,1552142.9031,1544392.6617,0.0
600967.SH,内蒙一机,20230912,9.14,0.2731,0.6396,0.66,18.9164,18.7976,1.415,1.0853,1.1669,1.9152,2.6477,170377.9257,169527.1857,72394.9358,1557254.2409,1549478.4773,0.0
600967.SH,内蒙一机,20230911,9.12,0.4494,1.0524,1.06,18.875,18.7565,1.4119,1.0829,1.1643,1.9194,2.6535,170377.9257,169527.1857,72394.9358,1553846.6824,1546087.9336,0.0
600967.SH,内蒙一机,20230908,9.07,0.3996,0.9358,0.92,18.7715,18.6537,1.4042,1.077,1.1579,1.93,2.6681,170377.9257,169527.1857,72394.9358,1545327.7861,1537611.5743,0.0
600967.SH,内蒙一机,20230907,8.99,0.3964,0.9282,0.9,18.606,18.4891,1.3918,1.0675,1.1477,1.9471,2.6919,170377.9257,169527.1857,72394.9358,1531697.552,1524049.3994,0.0
600967.SH,内蒙一机,20230906,9.12,0.4753,1.113,1.08,18.875,18.7565,1.4119,1.0829,1.1643,1.9194,2.6535,170377.9257,169527.1857,72394.9358,1553846.6824,1546087.9336,0.0
600967.SH,内蒙一机,20230905,9.02,0.3616,0.8467,0.72,18.6681,18.5508,1.3965,1.071,1.1515,1.9407,2.6829,170377.9257,169527.1857,72394.9358,1536808.8898,1529135.215,0.0
600967.SH,内蒙一机,20230904,9.08,0.4832,1.1316,0.84,18.7922,18.6742,1.4057,1.0782,1.1592,1.9278,2.6652,170377.9257,169527.1857,72394.9358,1547031.5654,1539306.8462,0.0
600967.SH,内蒙一机,20230901,8.98,0.4658,1.0907,0.76,18.5853,18.4686,1.3903,1.0663,1.1464,1.9493,2.6949,170377.9257,169527.1857,72394.9358,1529993.7728,1522354.1276,0.0
600967.SH,内蒙一机,20230831,8.87,0.4053,0.949,0.48,18.3576,18.2423,1.3732,1.0532,1.1324,1.9735,2.7283,170377.9257,169527.1857,72394.9358,1511252.201,1503706.1372,0.0
600967.SH,内蒙一机,20230830,8.91,0.4811,1.1266,0.58,18.4404,18.3246,1.3794,1.058,1.1375,1.9646,2.716,170377.9257,169527.1857,72394.9358,1518067.318,1510487.2246,0.0
600967.SH,内蒙一机,20230829,8.91,0.6876,1.6101,0.87,18.4404,18.3246,1.3794,1.058,1.1375,1.9646,2.716,170377.9257,169527.1857,72394.9358,1518067.318,1510487.2246,0.0
600967.SH,内蒙一机,20230828,8.81,0.8257,1.9336,1.13,18.2334,18.1189,1.3639,1.0461,1.1247,1.9869,2.7469,170377.9257,169527.1857,72394.9358,1501029.5254,1493534.506,0.0
600967.SH,内蒙一机,20230825,8.74,0.653,1.5291,0.95,18.0886,17.975,1.3531,1.0378,1.1158,2.0028,2.7689,170377.9257,169527.1857,72394.9358,1489103.0706,1481667.603,0.0
600967.SH,内蒙一机,20230824,8.82,1.5465,3.6214,3.14,18.2541,18.1395,1.3655,1.0473,1.126,1.9847,2.7438,170377.9257,169527.1857,72394.9358,1502733.3047,1495229.7779,0.0
600967.SH,内蒙一机,20230823,9.2,0.458,1.0725,1.0,19.0406,18.8635,1.4582,1.0924,1.1087,1.9027,2.6304,170377.9257,169527.1857,72394.9358,1567476.9164,1559650.1084,0.0
600967.SH,内蒙一机,20230822,9.3,0.4855,1.1369,1.1,19.2476,19.0685,1.474,1.1043,1.1207,1.8822,2.6022,170377.9257,169527.1857,72394.9358,1584514.709,1576602.827,0.0
600967.SH,内蒙一机,20230821,9.24,0.5036,1.1792,1.19,19.1234,18.9455,1.4645,1.0972,1.1135,1.8945,2.619,170377.9257,169527.1857,72394.9358,1574292.0335,1566431.1959,0.0
600967.SH,内蒙一机,20230818,9.3,0.4384,1.0265,1.04,19.2476,19.0685,1.474,1.1043,1.1207,1.8822,2.6022,170377.9257,169527.1857,72394.9358,1584514.709,1576602.827,
600967.SH,内蒙一机,20230817,9.4,0.5765,1.35,1.48,19.4545,19.2736,1.4899,1.1162,1.1328,1.8622,2.5745,170377.9257,169527.1857,72394.9358,1601552.5016,1593555.5456,
600967.SH,内蒙一机,20230816,9.19,0.2821,0.6606,0.68,19.0199,18.843,1.4566,1.0912,1.1075,1.9048,2.6333,170377.9257,169527.1857,72394.9358,1565773.1372,1557954.8366,0.0
600967.SH,内蒙一机,20230815,9.24,0.4029,0.9434,0.82,19.1234,18.9455,1.4645,1.0972,1.1135,1.8945,2.619,170377.9257,169527.1857,72394.9358,1574292.0335,1566431.1959,0.0
600967.SH,内蒙一机,20230814,9.28,0.4238,0.9924,0.82,19.2062,19.0275,1.4709,1.1019,1.1183,1.8863,2.6078,170377.9257,169527.1857,72394.9358,1581107.1505,1573212.2833,0.0
600967.SH,内蒙一机,20230811,9.31,0.415,0.9718,0.79,19.2683,19.089,1.4756,1.1055,1.1219,1.8802,2.5994,170377.9257,169527.1857,72394.9358,1586218.4883,1578298.0989,0.0
600967.SH,内蒙一机,20230810,9.41,0.428,1.0022,0.85,19.4752,19.2941,1.4915,1.1173,1.134,1.8602,2.5717,170377.9257,169527.1857,72394.9358,1603256.2808,1595250.8174,0.0
600967.SH,内蒙一机,20230809,9.46,0.4135,0.9683,0.8,19.5787,19.3966,1.4994,1.1233,1.14,1.8504,2.5581,170377.9257,169527.1857,72394.9358,1611775.1771,1603727.1767,0.0
600967.SH,内蒙一机,20230808,9.44,0.7707,1.8048,1.53,19.5373,19.3556,1.4962,1.1209,1.1376,1.8543,2.5636,170377.9257,169527.1857,72394.9358,1608367.6186,1600336.633,0.0
600967.SH,内蒙一机,20230807,9.55,0.5699,1.3345,1.05,19.765,19.5811,1.5137,1.134,1.1509,1.833,2.534,170377.9257,169527.1857,72394.9358,1627109.1904,1618984.6234,0.0
600967.SH,内蒙一机,20230804,9.65,0.4473,1.0474,0.77,19.9719,19.7862,1.5295,1.1458,1.1629,1.814,2.5078,170377.9257,169527.1857,72394.9358,1644146.983,1635937.342,0.0
600967.SH,内蒙一机,20230803,9.67,0.3286,0.7695,0.52,20.0133,19.8272,1.5327,1.1482,1.1653,1.8102,2.5026,170377.9257,169527.1857,72394.9358,1647554.5415,1639327.8857,0.0
600967.SH,内蒙一机,20230802,9.67,0.4806,1.1253,0.77,20.0133,19.8272,1.5327,1.1482,1.1653,1.8102,2.5026,170377.9257,169527.1857,72394.9358,1647554.5415,1639327.8857,0.0
600967.SH,内蒙一机,20230801,9.74,0.6928,1.6223,1.19,20.1582,19.9707,1.5438,1.1565,1.1738,1.7972,2.4846,170377.9257,169527.1857,72394.9358,1659480.9963,1651194.7887,0.0
600967.SH,内蒙一机,20230731,9.76,0.7661,1.794,1.47,20.1996,20.0117,1.547,1.1589,1.1762,1.7935,2.4795,170377.9257,169527.1857,72394.9358,1662888.5548,1654585.3324,0.0
600967.SH,内蒙一机,20230728,9.74,0.6368,1.4913,1.14,20.1582,19.9707,1.5438,1.1565,1.1738,1.7972,2.4846,170377.9257,169527.1857,72394.9358,1659480.9963,1651194.7887,0.0
600967.SH,内蒙一机,20230727,9.7,0.6079,1.4235,1.05,20.0754,19.8887,1.5374,1.1518,1.1689,1.8046,2.4948,170377.9257,169527.1857,72394.9358,1652665.8793,1644413.7013,0.0
600967.SH,内蒙一机,20230726,9.76,0.4257,0.9968,0.63,20.1996,20.0117,1.547,1.1589,1.1762,1.7935,2.4795,170377.9257,169527.1857,72394.9358,1662888.5548,1654585.3324,0.0
600967.SH,内蒙一机,20230725,9.87,0.4797,1.1234,0.57,20.4272,20.2373,1.5644,1.172,1.1894,1.7735,2.4519,170377.9257,169527.1857,72394.9358,1681630.1267,1673233.3229,0.0
600967.SH,内蒙一机,20230724,9.79,0.4641,1.0869,0.5,20.2617,20.0732,1.5517,1.1625,1.1798,1.788,2.4719,170377.9257,169527.1857,72394.9358,1667999.8926,1659671.148,0.0
600967.SH,内蒙一机,20230721,9.78,0.8199,1.92,0.97,20.241,20.0527,1.5501,1.1613,1.1786,1.7899,2.4744,170377.9257,169527.1857,72394.9358,1666296.1133,1657975.8761,0.0
600967.SH,内蒙一机,20230720,9.95,0.7181,1.6817,0.9,20.5928,20.4013,1.5771,1.1815,1.1991,1.7593,2.4322,170377.9257,169527.1857,72394.9358,1695260.3607,1686795.4977,0.0
600967.SH,内蒙一机,20230719,10.16,0.8872,2.0776,1.21,21.0274,20.8319,1.6103,1.2064,1.2244,1.7229,2.3819,170377.9257,169527.1857,72394.9358,1731039.7251,1722396.2067,0.0
600967.SH,内蒙一机,20230718,10.14,1.3386,3.1347,2.33,20.986,20.7909,1.6072,1.204,1.222,1.7263,2.3866,170377.9257,169527.1857,72394.9358,1727632.1666,1719005.663,0.0
600967.SH,内蒙一机,20230717,9.9,0.8426,1.9732,1.64,20.4893,20.2988,1.5691,1.1755,1.193,1.7682,2.4444,170377.9257,169527.1857,72394.9358,1686741.4644,1678319.1384,0.0
600967.SH,内蒙一机,20230714,9.73,0.4258,0.9971,0.8,20.1375,19.9502,1.5422,1.1553,1.1726,1.7991,2.4872,170377.9257,169527.1857,72394.9358,1657777.2171,1649499.5169,0.0
600967.SH,内蒙一机,20230713,9.78,0.5068,1.1868,0.89,20.241,20.0527,1.5501,1.1613,1.1786,1.7899,2.4744,170377.9257,169527.1857,72394.9358,1666296.1133,1657975.8761,0.0
600967.SH,内蒙一机,20230712,9.63,0.5558,1.3016,0.94,19.9305,19.7452,1.5263,1.1435,1.1605,1.8177,2.513,170377.9257,169527.1857,72394.9358,1640739.4245,1632546.7983,0.0
600967.SH,内蒙一机,20230711,9.79,0.5403,1.2651,0.85,20.2617,20.0732,1.5517,1.1625,1.1798,1.788,2.4719,170377.9257,169527.1857,72394.9358,1667999.8926,1659671.148,0.0
600967.SH,内蒙一机,20230710,9.76,0.5353,1.2539,0.76,20.1996,20.0117,1.547,1.1589,1.1762,1.7935,2.4795,170377.9257,169493.2377,72360.9878,1662888.5548,1654254.0,0.0
600967.SH,内蒙一机,20230707,9.74,0.5323,1.2468,0.66,20.1582,19.9707,1.5438,1.1565,1.1738,1.7972,2.4846,170377.9257,169493.2377,72360.9878,1659480.9963,1650864.1352,0.0
600967.SH,内蒙一机,20230706,9.77,0.6739,1.5784,0.74,20.2203,20.0322,1.5485,1.1601,1.1774,1.7917,2.477,170377.9257,169493.2377,72360.9878,1664592.3341,1655948.9323,0.0
600967.SH,内蒙一机,20230705,9.76,0.679,1.5905,0.71,20.1996,20.0117,1.547,1.1589,1.1762,1.7935,2.4795,170377.9257,169493.2377,72360.9878,1662888.5548,1654254.0,0.0
600967.SH,内蒙一机,20230704,9.92,0.7483,1.7528,0.73,20.5307,20.3398,1.5723,1.1779,1.1955,1.7646,2.4395,170377.9257,169493.2377,72360.9878,1690149.0229,1681372.918,0.0
600967.SH,内蒙一机,20230703,10.08,0.8798,2.0609,0.9,20.8619,20.6678,1.5387,1.1969,1.2147,1.7366,1.7366,170377.9257,169493.2377,72360.9878,1717409.4911,1708491.836,0.0
600967.SH,内蒙一机,20230630,10.1,1.0242,2.3991,1.1,20.9033,20.7088,1.5417,1.1993,1.2172,1.7332,1.7332,170377.9257,169493.2377,72360.9878,1720817.0496,1711881.7008,0.0
600967.SH,内蒙一机,20230629,10.14,1.223,2.8647,1.31,20.986,20.7909,1.5478,1.204,1.222,1.7263,1.7263,170377.9257,169493.2377,72360.9878,1727632.1666,1718661.4303,0.0
600967.SH,内蒙一机,20230628,10.11,0.9253,2.1674,0.86,20.924,20.7293,1.5432,1.2005,1.2184,1.7314,1.7314,170377.9257,169493.2377,72360.9878,1722520.8288,1713576.6331,0.0
600967.SH,内蒙一机,20230627,10.1,1.1025,2.5825,0.97,20.9033,20.7088,1.5417,1.1993,1.2172,1.7332,1.7332,170377.9257,169493.2377,72360.9878,1720817.0496,1711881.7008,0.0
600967.SH,内蒙一机,20230626,9.76,0.6389,1.4966,0.56,20.1996,20.0117,1.4898,1.1589,1.1762,1.7935,1.7935,170377.9257,169493.2377,72360.9878,1662888.5548,1654254.0,
600967.SH,内蒙一机,20230621,9.9,0.782,1.8316,0.72,20.4893,20.2988,1.5112,1.1755,1.193,1.7682,1.7682,170377.9257,169493.2377,72360.9878,1686741.4644,1677983.0532,0.0
600967.SH,内蒙一机,20230620,9.98,1.202,2.8155,1.27,20.6549,20.4628,1.5234,1.185,1.2027,1.754,1.754,170377.9257,169493.2377,72360.9878,1700371.6985,1691542.5122,0.0
600967.SH,内蒙一机,20230619,9.9,1.6319,3.8224,2.05,20.4893,20.2988,1.5112,1.1755,1.193,1.7682,1.7682,170377.9257,169493.2377,72360.9878,1686741.4644,1677983.0532,0.0
600967.SH,内蒙一机,20230616,9.82,1.4227,3.3323,2.22,20.3238,20.1347,1.499,1.166,1.1834,1.7826,1.7826,170377.9257,169493.2377,72360.9878,1673111.2304,1664423.5942,0.0
600967.SH,内蒙一机,20230615,9.53,0.6462,1.5135,0.96,19.7236,19.5401,1.4547,1.1316,1.1485,1.8368,1.8368,170377.9257,169493.2377,72360.9878,1623701.6319,1615270.5553,0.0
600967.SH,内蒙一机,20230614,9.43,0.5258,1.2316,0.71,19.5166,19.3351,1.4394,1.1197,1.1364,1.8563,1.8563,170377.9257,169493.2377,72360.9878,1606663.8394,1598321.2315,0.0
600967.SH,内蒙一机,20230613,9.43,0.5121,1.1995,0.57,19.5166,19.3351,1.4394,1.1197,1.1364,1.8563,1.8563,170377.9257,169493.2377,72360.9878,1606663.8394,1598321.2315,0.0
600967.SH,内蒙一机,20230612,9.45,0.8706,2.0391,0.91,19.558,19.3761,1.4425,1.1221,1.1388,1.8524,1.8524,170377.9257,169493.2377,72360.9878,1610071.3979,1601711.0963,0.0
600967.SH,内蒙一机,20230609,9.32,0.6537,1.5311,0.54,19.289,19.1095,1.4226,1.1067,1.1232,1.8782,1.8782,170377.9257,169493.2377,72360.9878,1587922.2675,1579676.9754,0.0
600967.SH,内蒙一机,20230608,9.31,0.8188,1.926,0.54,19.2683,19.089,1.4211,1.1055,1.1219,1.8802,1.8802,170377.9257,168963.1817,71830.9318,1586218.4883,1573047.2216,0.0
600967.SH,内蒙一机,20230607,9.19,0.8581,2.0186,0.54,19.0199,18.843,1.4028,1.0912,1.1075,1.9048,1.9048,170377.9257,168963.1817,71830.9318,1565773.1372,1552771.6398,0.0
600967.SH,内蒙一机,20230606,9.28,1.2922,3.0395,0.88,19.2062,19.0275,1.4165,1.1019,1.1183,1.8863,1.8863,170377.9257,168963.1817,71830.9318,1581107.1505,1567978.3262,0.0
600967.SH,内蒙一机,20230605,9.49,1.1655,2.7416,0.88,19.6408,19.4581,1.4486,1.1268,1.1436,1.8446,1.8446,170377.9257,168963.1817,71830.9318,1616886.5149,1603460.5943,0.0
600967.SH,内蒙一机,20230602,9.7,1.9015,4.4728,1.83,20.0754,19.8887,1.4806,1.1518,1.1689,1.8046,1.8046,170377.9257,168963.1817,71830.9318,1652665.8793,1638942.8625,0.0
600967.SH,内蒙一机,20230601,10.1,2.3907,5.6234,3.54,20.9033,20.7088,1.5417,1.1993,1.2172,1.7332,1.7332,170377.9257,168963.1817,71830.9318,1720817.0496,1706528.1352,0.0
600967.SH,内蒙一机,20230531,9.69,1.1603,2.7292,2.04,20.0547,19.8682,1.4791,1.1506,1.1677,1.8065,1.8065,170377.9257,168963.1817,71830.9318,1650962.1,1637253.2307,0.0
600967.SH,内蒙一机,20230530,9.43,0.7309,1.7193,1.32,19.5166,19.3351,1.4394,1.1197,1.1364,1.8563,1.8563,170377.9257,168963.1817,71830.9318,1606663.8394,1593322.8034,0.0
600967.SH,内蒙一机,20230529,9.35,0.4076,0.9589,0.69,19.351,19.1711,1.4272,1.1102,1.1268,1.8722,1.8722,170377.9257,168963.1817,71830.9318,1593033.6053,1579805.7489,0.0
600967.SH,内蒙一机,20230526,9.34,0.52,1.2232,0.83,19.3303,19.1506,1.4257,1.109,1.1256,1.8742,1.8742,170377.9257,168963.1817,71830.9318,1591329.826,1578116.1171,0.0
600967.SH,内蒙一机,20230525,9.37,0.5579,1.3123,0.72,19.3924,19.2121,1.4303,1.1126,1.1292,1.8682,1.8682,170377.9257,168963.1817,71830.9318,1596441.1638,1583185.0125,0.0
600967.SH,内蒙一机,20230524,9.35,0.6323,1.4872,0.65,19.351,19.1711,1.4272,1.1102,1.1268,1.8722,1.8722,170377.9257,168963.1817,71830.9318,1593033.6053,1579805.7489,0.0
600967.SH,内蒙一机,20230523,9.47,0.6565,1.5443,0.68,19.5994,19.4171,1.4455,1.1245,1.1412,1.8485,1.8485,170377.9257,168963.1817,71830.9318,1613478.9564,1600081.3307,0.0
600967.SH,内蒙一机,20230522,9.69,0.6012,1.4142,0.61,20.0547,19.8682,1.4791,1.1506,1.1677,1.8065,1.8065,170377.9257,168963.1817,71830.9318,1650962.1,1637253.2307,0.0
600967.SH,内蒙一机,20230519,9.77,0.7026,1.6526,0.74,20.2203,20.0322,1.4913,1.1601,1.1774,1.7917,1.7917,170377.9257,168963.1817,71830.9318,1664592.3341,1650770.2852,0.0
600967.SH,内蒙一机,20230518,9.89,1.3,3.0578,1.47,20.4686,20.2783,1.5096,1.1743,1.1918,1.77,1.77,170377.9257,168963.1817,71830.9318,1685037.6852,1671045.867,0.0
600967.SH,内蒙一机,20230517,9.88,1.5935,3.7482,2.14,20.4479,20.2578,1.5081,1.1731,1.1906,1.7717,1.7717,170377.9257,168963.1817,71830.9318,1683333.9059,1669356.2352,0.0
600967.SH,内蒙一机,20230516,9.52,0.6446,1.5162,0.81,19.7029,19.5196,1.4532,1.1304,1.1473,1.8387,1.8387,170377.9257,168963.1817,71830.9318,1621997.8527,1608529.4898,0.0
600967.SH,内蒙一机,20230515,9.51,0.6732,1.5836,0.77,19.6822,19.4991,1.4516,1.1292,1.1461,1.8407,1.8407,170377.9257,168963.1817,71830.9318,1620294.0734,1606839.858,0.0
600967.SH,内蒙一机,20230512,9.35,0.5408,1.2722,0.61,19.351,19.1711,1.4272,1.1102,1.1268,1.8722,1.8722,170377.9257,168963.1817,71830.9318,1593033.6053,1579805.7489,0.0
600967.SH,内蒙一机,20230511,9.44,0.963,2.2652,1.14,19.5373,19.3556,1.441,1.1209,1.1376,1.8543,1.8543,170377.9257,168963.1817,71830.9318,1608367.6186,1595012.4352,0.0
600967.SH,内蒙一机,20230510,9.72,0.9045,2.1277,1.12,20.1168,19.9297,1.4837,1.1541,1.1714,1.8009,1.8009,170377.9257,168963.1817,71830.9318,1656073.4378,1642322.1261,0.0
600967.SH,内蒙一机,20230509,9.67,0.9099,2.1403,1.22,20.0133,19.8272,1.4761,1.1482,1.1653,1.8102,1.8102,170377.9257,168963.1817,71830.9318,1647554.5415,1633873.967,0.0
600967.SH,内蒙一机,20230508,9.75,1.0734,2.5248,1.57,20.1789,19.9912,1.4883,1.1577,1.175,1.7954,1.7954,170377.9257,168963.1817,71830.9318,1661184.7756,1647391.0216,0.0
600967.SH,内蒙一机,20230505,9.39,0.5647,1.3283,0.72,19.4338,19.2531,1.4333,1.115,1.1316,1.8642,1.8642,170377.9257,168963.1817,71830.9318,1599848.7223,1586564.2762,0.0
600967.SH,内蒙一机,20230504,9.49,0.7566,1.7797,0.87,19.6408,19.4581,1.4486,1.1268,1.1436,1.8446,1.8446,170377.9257,168963.1817,71830.9318,1616886.5149,1603460.5943,0.0
600967.SH,内蒙一机,20230428,9.46,0.7224,1.6992,0.76,19.5787,19.3966,1.444,1.1233,1.14,1.8504,1.8504,170377.9257,168963.1817,71830.9318,1611775.1771,1598391.6989,0.0
600967.SH,内蒙一机,20230427,9.42,0.6089,1.4323,0.66,19.4959,19.3146,1.4379,1.1185,1.1352,1.8583,1.8583,170377.9257,168963.1817,71830.9318,1604960.0601,1591633.1716,0.0
600967.SH,内蒙一机,20230426,9.3,0.755,1.776,0.84,19.2476,19.0685,1.4196,1.1043,1.1207,1.8822,1.8822,170377.9257,168963.1817,71830.9318,1584514.709,1571357.5898,0.0
600967.SH,内蒙一机,20230425,9.2,1.0832,2.5478,1.33,19.0406,18.8635,1.4043,1.0924,1.1087,1.9027,1.9027,170377.9257,168963.1817,71830.9318,1567476.9164,1554461.2716,0.0
600967.SH,内蒙一机,20230424,9.46,1.1663,2.7434,1.66,21.5889,19.5798,1.5078,1.1666,0.9923,1.8504,1.8504,170377.9257,168963.1817,71830.9318,1611775.1771,1598391.6989,0.0
600967.SH,内蒙一机,20230421,9.72,1.1208,2.6364,1.82,22.1823,20.1179,1.5493,1.1986,1.0195,1.8009,1.8009,170377.9257,168963.1817,71830.9318,1656073.4378,1642322.1261,0.0
600967.SH,内蒙一机,20230420,9.65,0.5083,1.1955,0.78,22.0225,19.973,1.5381,1.19,1.0122,1.814,1.814,170377.9257,168963.1817,71830.9318,1644146.983,1630494.7034,0.0
600967.SH,内蒙一机,20230419,9.74,0.6096,1.4339,0.94,22.2279,20.1593,1.5525,1.2011,1.0216,1.7972,1.7972,170377.9257,168963.1817,71830.9318,1659480.9963,1645701.3898,0.0
600967.SH,内蒙一机,20230418,9.84,0.6612,1.5554,1.02,22.4561,20.3663,1.5684,1.2134,1.0321,1.7789,1.7789,170377.9257,168963.1817,71830.9318,1676518.7889,1662597.7079,0.0
600967.SH,内蒙一机,20230417,9.72,0.6105,1.4359,0.85,22.1823,20.1179,1.5493,1.1986,1.0195,1.8009,1.8009,170377.9257,168963.1817,71830.9318,1656073.4378,1642322.1261,0.0
600967.SH,内蒙一机,20230414,9.63,0.6884,1.6193,0.92,21.9769,19.9316,1.5349,1.1875,1.0101,1.8177,1.8177,170377.9257,168963.1817,71830.9318,1640739.4245,1627115.4398,0.0
600967.SH,内蒙一机,20230413,9.77,0.7014,1.6498,0.88,22.2964,20.2214,1.5573,1.2048,1.0248,1.7917,1.7917,170377.9257,168963.1817,71830.9318,1664592.3341,1650770.2852,0.0
600967.SH,内蒙一机,20230412,9.73,0.5926,1.3938,0.62,22.2051,20.1386,1.5509,1.1999,1.0206,1.7991,1.7991,170377.9257,168963.1817,71830.9318,1657777.2171,1644011.7579,0.0
600967.SH,内蒙一机,20230411,9.82,0.6627,1.5589,0.49,22.4105,20.3249,1.5652,1.211,1.03,1.7826,1.7826,170377.9257,168963.1817,71830.9318,1673111.2304,1659218.4443,0.0
600967.SH,内蒙一机,20230410,9.79,0.9454,2.2237,0.75,22.342,20.2628,1.5604,1.2073,1.0269,1.788,1.788,170377.9257,168963.1817,71830.9318,1667999.8926,1654149.5488,0.0
600967.SH,内蒙一机,20230407,10.03,0.8388,1.9732,0.71,22.8897,20.7595,1.5987,1.2369,1.0521,1.7452,1.7452,170377.9257,168963.1817,71830.9318,1708890.5948,1694700.7125,0.0
600967.SH,内蒙一机,20230406,10.13,0.9631,2.2654,0.87,23.1179,20.9665,1.6146,1.2492,1.0625,1.728,1.728,170377.9257,168963.1817,71830.9318,1725928.3873,1711597.0306,0.0
600967.SH,内蒙一机,20230404,10.2,1.4014,3.2965,1.5,23.2777,21.1114,1.6258,1.2578,1.0699,1.7162,1.7162,170377.9257,168963.1817,71830.9318,1737854.8421,1723424.4533,0.0
600967.SH,内蒙一机,20230403,10.14,2.5843,6.0788,4.67,23.1408,20.9872,1.6162,1.2504,1.0636,1.7263,1.7263,170377.9257,168963.1817,71830.9318,1727632.1666,1713286.6624,0.0
600967.SH,内蒙一机,20230331,9.55,0.4907,1.1542,0.88,21.7943,19.7661,1.5222,1.1777,1.0017,1.833,1.833,170377.9257,168963.1817,71830.9318,1627109.1904,1613598.3852,0.0
600967.SH,内蒙一机,20230330,9.41,0.5074,1.1934,0.84,21.4808,19.4817,1.5,1.1607,0.9873,1.8597,1.8597,170425.1817,168963.1817,71830.9318,1603700.9598,1589943.5398,0.0
600967.SH,内蒙一机,20230329,9.41,0.578,1.3596,0.94,21.4808,19.4817,1.5,1.1607,0.9873,1.8597,1.8597,170425.1817,168963.1817,71830.9318,1603700.9598,1589943.5398,0.0
600967.SH,内蒙一机,20230328,9.47,0.5011,1.1788,0.69,21.6177,19.6059,1.5095,1.1681,0.9936,1.8479,1.8479,170425.1817,168963.1817,71830.9318,1613926.4707,1600081.3307,0.0
600967.SH,内蒙一机,20230327,9.57,0.6903,1.6237,0.94,21.846,19.813,1.5255,1.1805,1.0041,1.8286,1.8286,170425.1817,168963.1817,71830.9318,1630968.9889,1616977.6489,0.0
600967.SH,内蒙一机,20230324,9.68,0.5187,1.22,0.68,22.0971,20.0407,1.543,1.194,1.0156,1.8079,1.8079,170425.1817,168963.1817,71830.9318,1649715.7589,1635563.5989,0.0
600967.SH,内蒙一机,20230323,9.79,0.7451,1.7527,0.93,22.3482,20.2684,1.5605,1.2076,1.0272,1.7875,1.7875,170425.1817,168963.1817,71830.9318,1668462.5288,1654149.5488,0.0
600967.SH,内蒙一机,20230322,9.68,0.6277,1.4765,0.78,22.0971,20.0407,1.543,1.194,1.0156,1.8079,1.8079,170425.1817,168963.1817,71830.9318,1649715.7589,1635563.5989,0.0
600967.SH,内蒙一机,20230321,9.74,1.0681,2.5125,1.42,22.2341,20.1649,1.5526,1.2014,1.0219,1.7967,1.7967,170425.1817,168963.1817,71830.9318,1659941.2698,1645701.3898,0.0
600967.SH,内蒙一机,20230320,9.4,0.7,1.6466,0.89,21.4579,19.461,1.4984,1.1595,0.9862,1.8617,1.8617,170425.1817,168963.1817,71830.9318,1601996.708,1588253.908,0.0
600967.SH,内蒙一机,20230317,9.46,0.683,1.6065,0.83,21.5949,19.5852,1.5079,1.1669,0.9925,1.8499,1.8499,170425.1817,168963.1817,71830.9318,1612222.2189,1598391.6989,0.0
600967.SH,内蒙一机,20230316,9.34,0.9248,2.1754,1.23,21.321,19.3368,1.4888,1.1521,0.98,1.8737,1.8737,170425.1817,168963.1817,71830.9318,1591771.1971,1578116.1171,0.0
600967.SH,内蒙一机,20230315,9.57,0.667,1.5689,0.83,21.846,19.813,1.5255,1.1805,1.0041,1.8286,1.8286,170425.1817,168963.1817,71830.9318,1630968.9889,1616977.6489,0.0
600967.SH,内蒙一机,20230314,9.54,0.7946,1.8691,0.89,21.7775,19.7508,1.5207,1.1768,1.0009,1.8344,1.8344,170425.1817,168963.1817,71830.9318,1625856.2334,1611908.7534,0.0
600967.SH,内蒙一机,20230313,9.68,0.874,2.0559,0.85,22.0971,20.0407,1.543,1.194,1.0156,1.8079,1.8079,170425.1817,168963.1817,71830.9318,1649715.7589,1635563.5989,0.0
600967.SH,内蒙一机,20230310,9.52,0.8785,2.0663,0.84,21.7319,19.7094,1.5175,1.1743,0.9988,1.8382,1.8382,170425.1817,168963.1817,71830.9318,1622447.7298,1608529.4898,0.0
600967.SH,内蒙一机,20230309,9.68,0.559,1.3149,0.53,22.0971,20.0407,1.543,1.194,1.0156,1.8079,1.8079,170425.1817,168963.1817,71830.9318,1649715.7589,1635563.5989,0.0
600967.SH,内蒙一机,20230308,9.77,0.932,2.1922,0.92,22.3026,20.227,1.5574,1.2051,1.0251,1.7912,1.7912,170425.1817,168963.1817,71830.9318,1665054.0252,1650770.2852,0.0
600967.SH,内蒙一机,20230307,9.59,1.2179,2.8648,1.32,21.8917,19.8544,1.5287,1.1829,1.0062,1.8248,1.8248,170425.1817,168963.1817,71830.9318,1634377.4925,1620356.9125,0.0
600967.SH,内蒙一机,20230306,9.82,1.5335,3.6072,1.87,22.4167,20.3305,1.5653,1.2113,1.0303,1.7821,1.7821,170425.1817,168963.1817,71830.9318,1673575.2843,1659218.4443,0.0
600967.SH,内蒙一机,20230303,9.73,0.9626,2.2642,1.08,22.2113,20.1442,1.551,1.2002,1.0209,1.7986,1.7986,170425.1817,168963.1817,71830.9318,1658237.0179,1644011.7579,0.0
600967.SH,内蒙一机,20230302,9.72,0.6008,1.4132,0.66,22.1884,20.1235,1.5494,1.199,1.0198,1.8004,1.8004,170425.1817,168963.1817,71830.9318,1656532.7661,1642322.1261,0.0
600967.SH,内蒙一机,20230301,9.72,0.7261,1.7079,0.76,22.1884,20.1235,1.5494,1.199,1.0198,1.8004,1.8004,170425.1817,168963.1817,71830.9318,1656532.7661,1642322.1261,0.0
600967.SH,内蒙一机,20230228,9.71,0.7842,1.8447,0.79,22.1656,20.1028,1.5478,1.1977,1.0188,1.8023,1.8023,170425.1817,168963.1817,71830.9318,1654828.5143,1640632.4943,0.0
600967.SH,内蒙一机,20230227,9.63,1.0234,2.4074,1.03,21.983,19.9372,1.535,1.1879,1.0104,1.8172,1.8172,170425.1817,168963.1817,71830.9318,1641194.4998,1627115.4398,0.0
600967.SH,内蒙一机,20230224,9.69,1.3264,3.12,1.38,22.1199,20.0614,1.5446,1.1953,1.0167,1.806,1.806,170425.1817,168963.1817,71830.9318,1651420.0107,1637253.2307,0.0
600967.SH,内蒙一机,20230223,9.51,0.666,1.5667,0.63,21.709,19.6887,1.5159,1.1731,0.9978,1.8402,1.8402,170425.1817,168963.1817,71830.9318,1620743.478,1606839.858,0.0
600967.SH,内蒙一机,20230222,9.61,0.9803,2.306,0.88,21.9373,19.8958,1.5319,1.1854,1.0083,1.821,1.821,170425.1817,168963.1817,71830.9318,1637785.9961,1623736.1761,0.0
600967.SH,内蒙一机,20230221,9.5,0.9466,2.2267,0.9,21.6862,19.668,1.5143,1.1718,0.9967,1.8421,1.8421,170425.1817,168963.1817,71830.9318,1619039.2262,1605150.2262,0.0
600967.SH,内蒙一机,20230220,9.39,1.0568,2.4858,1.0,21.4351,19.4403,1.4968,1.1583,0.9852,1.8637,1.8637,170425.1817,168963.1817,71830.9318,1600292.4562,1586564.2762,0.0
600967.SH,内蒙一机,20230217,9.37,1.1409,2.6837,1.04,21.3895,19.3989,1.4936,1.1558,0.9831,1.8677,1.8677,170425.1817,168963.1817,71830.9318,1596883.9525,1583185.0125,0.0
600967.SH,内蒙一机,20230216,9.2,1.1385,2.6781,1.14,21.0014,19.0469,1.4665,1.1348,0.9653,1.9022,1.9022,170425.1817,168963.1817,71830.9318,1567911.6716,1554461.2716,0.0
600967.SH,内蒙一机,20230215,9.45,1.2823,3.0164,1.48,21.5721,19.5645,1.5063,1.1657,0.9915,1.8519,1.8519,170425.1817,168963.1817,71830.9318,1610517.9671,1596702.0671,0.0
600967.SH,内蒙一机,20230214,9.3,0.6566,1.5445,0.81,21.2297,19.254,1.4824,1.1472,0.9758,1.8817,1.8817,170425.1817,168963.1817,71830.9318,1584954.1898,1571357.5898,0.0
600967.SH,内蒙一机,20230213,9.38,1.0447,2.4574,1.45,21.4123,19.4196,1.4952,1.157,0.9841,1.8657,1.8657,170425.1817,168963.1817,71830.9318,1598588.2043,1584874.6443,0.0
600967.SH,内蒙一机,20230210,9.27,1.3606,3.2005,2.33,21.1612,19.1919,1.4777,1.1435,0.9726,1.8878,1.8878,170425.1817,168963.1817,71830.9318,1579841.4344,1566288.6944,0.0
600967.SH,内蒙一机,20230209,9.13,0.6596,1.5516,1.05,20.8416,18.902,1.4553,1.1262,0.9579,1.9168,1.9168,170425.1817,168963.1817,71830.9318,1555981.9089,1542633.8489,0.0
600967.SH,内蒙一机,20230208,9.02,0.6063,1.4262,0.84,20.5905,18.6743,1.4378,1.1126,0.9464,1.9401,1.9401,170425.1817,168963.1817,71830.9318,1537235.1389,1524047.8989,0.0
600967.SH,内蒙一机,20230207,9.02,0.3984,0.9371,0.44,20.5905,18.6743,1.4378,1.1126,0.9464,1.9401,1.9401,170425.1817,168963.1817,71830.9318,1537235.1389,1524047.8989,0.0
600967.SH,内蒙一机,20230206,9.01,0.5746,1.3517,0.47,20.5677,18.6536,1.4362,1.1114,0.9453,1.9423,1.9423,170425.1817,168963.1817,71830.9318,1535530.8871,1522358.2671,0.0
600967.SH,内蒙一机,20230203,9.01,0.675,1.5877,0.58,20.5677,18.6536,1.4362,1.1114,0.9453,1.9423,1.9423,170425.1817,168963.1817,71830.9318,1535530.8871,1522358.2671,0.0
600967.SH,内蒙一机,20230202,9.04,0.8742,2.0564,0.82,20.6362,18.7157,1.441,1.1151,0.9485,1.9358,1.9358,170425.1817,168963.1817,71830.9318,1540643.6426,1527427.1626,0.0
600967.SH,内蒙一机,20230201,9.18,1.0932,2.5714,1.21,20.9557,19.0055,1.4633,1.1324,0.9632,1.9063,1.9063,170425.1817,168963.1817,71830.9318,1564503.168,1551082.008,0.0
600967.SH,内蒙一机,20230131,9.15,1.2953,3.047,1.79,20.8873,18.9434,1.4585,1.1287,0.96,1.9126,1.9126,170425.1817,168963.1817,71830.9318,1559390.4126,1546013.1126,0.0
600967.SH,内蒙一机,20230130,9.03,2.1371,5.0269,5.0,20.6133,18.695,1.4394,1.1139,0.9474,1.938,1.938,170425.1817,168963.1817,71830.9318,1538939.3908,1525737.5308,0.0
600967.SH,内蒙一机,20230120,8.59,0.4391,1.0329,1.06,19.6089,17.784,1.3693,1.0596,0.9013,2.0373,2.0373,170425.1817,168963.1817,71830.9318,1463952.3108,1451393.7308,0.0
600967.SH,内蒙一机,20230119,8.5,0.3582,0.8426,0.8,19.4035,17.5977,1.3549,1.0485,0.8918,2.0588,2.0588,170425.1817,168963.1817,71830.9318,1448614.0445,1436187.0445,0.0
600967.SH,内蒙一机,20230118,8.4,0.2804,0.6596,0.57,19.1752,17.3907,1.339,1.0361,0.8813,2.0833,2.0833,170425.1817,168963.1817,71830.9318,1431571.5263,1419290.7263,0.0
600967.SH,内蒙一机,20230117,8.37,0.4118,0.9686,0.79,19.1067,17.3286,1.3342,1.0324,0.8782,2.0908,2.0908,170425.1817,168963.1817,71830.9318,1426458.7708,1414221.8308,0.0
600967.SH,内蒙一机,20230116,8.37,0.6465,1.5206,1.36,19.1067,17.3286,1.3342,1.0324,0.8782,2.0908,2.0908,170425.1817,168963.1817,71830.9318,1426458.7708,1414221.8308,0.0
600967.SH,内蒙一机,20230113,8.26,0.3787,0.8908,0.78,18.8556,17.1008,1.3167,1.0189,0.8666,2.1186,2.1186,170425.1817,168963.1817,71830.9318,1407712.0008,1395635.8808,0.0
600967.SH,内蒙一机,20230112,8.21,0.5212,1.2261,1.16,18.7415,16.9973,1.3087,1.0127,0.8614,2.1315,2.1315,170425.1817,168963.1817,71830.9318,1399190.7418,1387187.7218,0.0
600967.SH,内蒙一机,20230111,8.26,0.4946,1.1633,1.18,18.8556,17.1008,1.3167,1.0189,0.8666,2.1186,2.1186,170425.1817,168963.1817,71830.9318,1407712.0008,1395635.8808,0.0
600967.SH,内蒙一机,20230110,8.27,0.561,1.3196,1.31,18.8784,17.1215,1.3183,1.0201,0.8677,2.1161,2.1161,170425.1817,168963.1817,71830.9318,1409416.2527,1397325.5127,0.0
600967.SH,内蒙一机,20230109,8.4,0.4142,0.9742,1.04,19.1752,17.3907,1.339,1.0361,0.8813,2.0833,2.0833,170425.1817,168963.1817,71830.9318,1431571.5263,1419290.7263,0.0
600967.SH,内蒙一机,20230106,8.48,0.4473,1.0521,1.26,19.3578,17.5563,1.3517,1.046,0.8897,2.0637,2.0637,170425.1817,168963.1817,71830.9318,1445205.5408,1432807.7808,0.0
600967.SH,内蒙一机,20230105,8.43,0.3309,0.7784,0.97,19.2437,17.4528,1.3438,1.0398,0.8845,2.0759,2.0759,170425.1817,168963.1817,71830.9318,1436684.2817,1424359.6217,0.0
600967.SH,内蒙一机,20230104,8.43,0.3458,0.8134,1.09,19.2437,17.4528,1.3438,1.0398,0.8845,2.0759,2.0759,170425.1817,168963.1817,71830.9318,1436684.2817,1424359.6217,0.0
600967.SH,内蒙一机,20230103,8.45,0.595,1.3995,2.3,19.2893,17.4942,1.3469,1.0423,0.8866,2.071,2.071,170425.1817,168963.1817,71830.9318,1440092.7854,1427738.8854,0.0
